None 500
0.0 0.0 435
0.0 0.0 337
0.0 0.0 322
0.0 0.0 312
0.0 0.0 333
0.0 0.0 247
0.0 0.0 187
0.0 0.0 205
0.0 0.0 182
0.0 0.0 186
0.0 0.0 188
0.0 0.0 190
0.0 0.0 213
0.0 0.0 200
0.0 0.0 198
0.0 0.0 166
0.0 0.0 174
0.0 0.0 168
0.0 0.0 182
0.0 0.0 233
0.0 0.0 180
0.0 0.0 186
0.0 0.0 314
0.0 0.0 332
0.0 0.0 344
0.0 0.0 312
0.0 0.0 305
0.0 0.0 301
0.0 0.0 305
0.0 0.0 308
0.0 0.0 305
0.0 0.0 326
0.0 0.0 324
0.0 0.0 319
0.0 0.0 303
0.0 0.0 265
0.0 0.0 340
0.0 0.0 327
0.0 0.0 316
0.0 0.0 316
0.0 0.0 345
0.0 0.0 320
0.0 0.0 340
0.0 0.0 316
0.0 0.0 319
0.0 0.0 314
0.0 0.0 342
0.0 0.0 305
0.0 0.0 374
0.0 0.0 325
0.0 0.0 323
0.0 0.0 330
0.0 0.0 311
0.0 0.0 329
0.0 0.0 312
0.0 0.0 325
0.0 0.0 348
0.0 0.0 319
0.0 0.0 319
0.0 0.0 316
0.0 0.0 309
0.0 0.0 233
0.0 0.0 187
0.0 0.0 193
0.0 0.0 367
0.0 0.0 268
0.0 0.0 214
0.0 0.0 181
0.0 0.0 188
0.0 0.0 184
0.0 0.0 193
0.0 0.0 196
0.0 0.0 182
0.0 0.0 195
0.0 0.0 318
0.0 0.0 331
0.0 0.0 303
0.0 0.0 314
0.0 0.0 327
0.0 0.0 319
0.0 0.0 312
0.0 0.0 347
0.0 0.0 232
0.0 0.0 178
0.0 0.0 186
0.0 0.0 190
0.0 0.0 183
0.0 0.0 369
0.0 0.0 339
0.0 0.0 325
0.0 0.0 320
0.0 0.0 280
0.0 0.0 199
0.0 0.0 190
0.0 0.0 360
0.0 0.0 314
0.0 0.0 349
0.0 0.0 331
0.0 0.0 209
0.0 0.0 178
0.0 0.0 310
0.0 0.0 323
0.0 0.0 315
0.0 0.0 278
0.0 0.0 223
0.0 0.0 311
0.0 0.0 276
0.0 0.0 193
0.0 0.0 193
0.0 0.0 198
0.0 0.0 287
0.0 0.0 330
0.0 0.0 221
0.0 0.0 194
0.0 0.0 189
0.0 0.0 178
0.0 0.0 203
0.0 0.0 322
0.0 0.0 287
0.0 0.0 205
0.0 0.0 201
0.0 0.0 341
0.0 0.0 218
0.0 0.0 319
0.0 0.0 336
0.0 0.0 308
0.0 0.0 344
0.0 0.0 319
0.0 0.0 326
0.0 0.0 226
0.0 0.0 187
0.0 0.0 185
0.0 0.0 193
0.0 0.0 204
0.0 0.0 203
0.0 0.0 183
0.0 0.0 192
0.0 0.0 306
0.0 0.0 311
0.0 0.0 340
0.0 0.0 310
0.0 0.0 318
0.0 0.0 228
0.0 0.0 312
0.0 0.0 332
0.0 0.0 311
0.0 0.0 335
0.0 0.0 230
0.0 0.0 206
0.0 0.0 204
0.0 0.0 192
0.0 0.0 209
0.0 0.0 201
0.0 0.0 194
0.0 0.0 198
0.0 0.0 191
0.0 0.0 181
0.0 0.0 183
0.0 0.0 183
0.0 0.0 183
0.0 0.0 189
0.0 0.0 182
0.0 0.0 198
0.0 0.0 199
0.0 0.0 169
0.0 0.0 168
0.0 0.0 195
0.0 0.0 186
0.0 0.0 186
0.0 0.0 196
0.0 0.0 189
0.0 0.0 196
0.0 0.0 190
0.0 0.0 204
0.0 0.0 183
0.0 0.0 177
0.0 0.0 177
0.0 0.0 170
0.0 0.0 184
0.0 0.0 165
0.0 0.0 187
0.0 0.0 166
0.0 0.0 167
0.0 0.0 170
0.0 0.0 157
0.0 0.0 187
0.0 0.0 197
0.0 0.0 199
0.0 0.0 184
0.0 0.0 170
0.0 0.0 179
0.0 0.0 152
0.0 0.0 180
0.0 0.0 184
0.0 0.0 163
0.0 0.0 170
0.0 0.0 168
0.0 0.0 176
0.0 0.0 157
0.0 0.0 179
0.0 0.0 170
0.0 0.0 173
0.0 0.0 175
0.0 0.0 161
0.0 0.0 156
0.0 0.0 162
0.0 0.0 227
0.0 0.0 179
0.0 0.0 231
0.0 0.0 252
0.0 0.0 219
0.0 0.0 189
0.0 0.0 167
0.0 0.0 169
0.0 0.0 157
0.0 0.0 182
0.0 0.0 180
0.0 0.0 183
0.0 0.0 172
0.0 0.0 152
0.0 0.0 158
0.0 0.0 158
0.0 0.0 136
0.0 0.0 143
0.0 0.0 132
0.0 0.0 135
0.0 0.0 140
0.0 0.0 135
0.0 0.0 119
0.0 0.0 130
0.0 0.0 136
0.0 0.0 113
0.0 0.0 122
0.0 0.0 126
0.0 0.0 124
0.0 0.0 117
0.0 0.0 122
0.0 0.0 114
0.0 0.0 113
0.0 0.0 118
0.0 0.0 117
0.0 0.0 109
0.0 0.0 100
0.0 0.0 109
0.0 0.0 136
0.0 0.0 126
0.0 0.0 153
0.0 0.0 128
0.0 0.0 113
0.0 0.0 123
0.0 0.0 133
0.0 0.0 114
0.0 0.0 108
0.0 0.0 133
0.0 0.0 114
0.0 0.0 119
0.0 0.0 117
0.0 0.0 122
0.0 0.0 118
0.0 0.0 125
0.0 0.0 94
0.0 0.0 122
0.0 0.0 110
0.0 0.0 104
0.0 0.0 108
0.0 0.0 116
0.0 0.0 107
0.0 0.0 105
0.0 0.0 104
0.0 0.0 109
0.0 0.0 114
0.0 0.0 132
0.0 0.0 107
0.0 0.0 125
0.0 0.0 129
0.0 0.0 118
0.0 0.0 104
0.0 0.0 109
0.0 0.0 112
0.0 0.0 105
0.0 0.0 112
0.0 0.0 116
0.0 0.0 110
0.0 0.0 105
0.0 0.0 91
0.0 0.0 104
0.0 0.0 94
0.0 0.0 102
0.0 0.0 99
0.0 0.0 159
0.0 0.0 118
0.0 0.0 81
0.0 0.0 104
0.0 0.0 100
0.0 0.0 108
0.0 0.0 114
0.0 0.0 96
0.0 0.0 109
0.0 0.0 159
0.0 0.0 187
0.0 0.0 183
0.0 0.0 202
0.0 0.0 230
0.0 0.0 280
0.0 0.0 223
0.0 0.0 206
0.0 0.0 201
0.0 0.0 205
0.0 0.0 205
0.0 0.0 218
0.0 0.0 307
0.0 0.0 394
0.0 0.0 234
0.0 0.0 204
0.0 0.0 203
0.0 0.0 196
0.0 0.0 352
0.0 0.0 253
0.0 0.0 217
0.0 0.0 280
0.0 0.0 342
0.0 0.0 361
0.0 0.0 388
0.0 0.0 337
0.0 0.0 363
0.0 0.0 377
0.0 0.0 309
0.0 0.0 259
0.0 0.0 376
0.0 0.0 352
0.0 0.0 373
0.0 0.0 369
0.0 0.0 356
0.0 0.0 357
0.0 0.0 276
0.0 0.0 332
0.0 0.0 191
0.0 0.0 199
0.0 0.0 201
0.0 0.0 290
0.0 0.0 213
0.0 0.0 214
0.0 0.0 285
0.0 0.0 207
0.0 0.0 194
0.0 0.0 228
0.0 0.0 358
0.0 0.0 344
0.0 0.0 370
0.0 0.0 243
0.0 0.0 391
0.0 0.0 217
0.0 0.0 339
0.0 0.0 380
0.0 0.0 310
0.0 0.0 362
0.0 0.0 354
0.0 0.0 348
0.0 0.0 224
0.0 0.0 229
0.0 0.0 186
0.0 0.0 194
0.0 0.0 206
0.0 0.0 192
0.0 0.0 290
0.0 0.0 254
0.0 0.0 222
0.0 0.0 197
0.0 0.0 163
0.0 0.0 347
0.0 0.0 326
0.0 0.0 245
0.0 0.0 185
0.0 0.0 197
0.0 0.0 200
0.0 0.0 189
0.0 0.0 189
0.0 0.0 191
0.0 0.0 194
0.0 0.0 244
0.0 0.0 274
0.0 0.0 195
0.0 0.0 338
0.0 0.0 323
0.0 0.0 330
0.0 0.0 337
0.0 0.0 361
0.0 0.0 362
0.0 0.0 366
0.0 0.0 322
0.0 0.0 211
0.0 0.0 168
0.0 0.0 180
0.0 0.0 186
0.0 0.0 355
0.0 0.0 330
0.0 0.0 329
0.0 0.0 302
0.0 0.0 264
0.0 0.0 190
0.0 0.0 323
0.0 0.0 318
0.0 0.0 326
0.0 0.0 343
0.0 0.0 303
0.0 0.0 296
0.0 0.0 312
0.0 0.0 297
0.0 0.0 200
0.0 0.0 278
0.0 0.0 349
0.0 0.0 326
0.0 0.0 262
0.0 0.0 339
0.0 0.0 286
0.0 0.0 336
0.0 0.0 339
0.0 0.0 334
0.0 0.0 207
0.0 0.0 201
0.0 0.0 210
0.0 0.0 218
0.0 0.0 181
0.0 0.0 200
0.0 0.0 191
0.0 0.0 184
0.0 0.0 329
0.0 0.0 186
0.0 0.0 188
0.0 0.0 194
0.0 0.0 219
0.0 0.0 256
0.0 0.0 327
0.0 0.0 281
0.0 0.0 215
0.0 0.0 192
0.0 0.0 210
0.0 0.0 258
0.0 0.0 341
0.0 0.0 327
0.0 0.0 225
0.0 0.0 307
0.0 0.0 237
0.0 0.0 183
0.0 0.0 186
0.0 0.0 275
0.0 0.0 320
0.0 0.0 313
0.0 0.0 315
0.0 0.0 322
0.0 0.0 216
0.0 0.0 196
0.0 0.0 188
0.0 0.0 230
0.0 0.0 295
0.0 0.0 220
0.0 0.0 183
0.0 0.0 190
0.0 0.0 198
0.0 0.0 188
0.0 0.0 263
0.0 0.0 261
0.0 0.0 221
0.0 0.0 321
0.0 0.0 218
0.0 0.0 205
38.6213335 -121.238240844 174
38.621259138 -121.238556363 157
38.621169378 -121.238885078 187
38.621043322 -121.239210829 308
38.620949367 -121.23952272 306
38.620852501 -121.239846048 319
38.62074217 -121.240161629 209
38.620597712 -121.240487021 196
38.620480031 -121.240800059 291
38.620345854 -121.241112391 313
38.620231408 -121.241425418 194
38.620108374 -121.241739526 183
38.619978884 -121.242058335 291
38.619864209 -121.242381495 257
38.619749761 -121.242701002 207
38.619624492 -121.243010955 291
38.619494359 -121.24331711 327
38.619383338 -121.24361227 331
38.619253136 -121.243946229 329
38.619120604 -121.244262249 318
38.619001216 -121.244565274 177
38.618880313 -121.244878284 192
38.618788279 -121.245200325 180
38.618696819 -121.245490655 299
38.618570987 -121.245779161 318
38.618468999 -121.24608286 329
38.618365537 -121.246395262 310
38.618252534 -121.246705567 266
38.618160154 -121.24702258 344
38.618045641 -121.24732474 239
38.617935642 -121.247639375 198
38.617829009 -121.247960881 329
38.617720035 -121.248268739 350
38.617611938 -121.248580506 350
38.617503595 -121.2488916 330
38.617371479 -121.24918585 295
38.617229617 -121.24948397 180
38.617117957 -121.249792123 189
38.616996124 -121.250091719 333
38.616890037 -121.250403164 335
38.616775233 -121.250712303 352
38.616648254 -121.25101945 342
38.616547869 -121.251334173 319
38.61643844 -121.251647376 187
38.616326836 -121.251959213 267
38.616216042 -121.252268145 326
38.616122248 -121.252584113 310
38.616004618 -121.252882521 336
38.615890164 -121.253183903 321
38.615769885 -121.253475803 325
38.615653371 -121.253788774 202
38.615523798 -121.254098658 203
38.615411491 -121.254419428 199
38.615305917 -121.254729759 186
38.61519495 -121.255048178 321
38.615086481 -121.255356507 314
38.614973983 -121.255668304 353
38.614855962 -121.255991553 339
38.614738231 -121.256300755 369
38.614624848 -121.256610952 341
38.614502739 -121.256915501 185
38.61438275 -121.257248216 357
38.614262112 -121.25756948 173
38.614154691 -121.257885183 180
38.614047159 -121.258207719 318
38.61393604 -121.258526089 351
38.613820335 -121.258833364 332
38.613705404 -121.259147427 248
38.61358332 -121.259463433 175
38.613467354 -121.25977927 179
38.613352339 -121.260100197 175
38.613223791 -121.260425896 224
38.613105159 -121.260753486 167
38.612983712 -121.2610713 191
38.612870081 -121.261383402 199
38.612751065 -121.261728327 188
38.612630247 -121.262053274 348
38.612503082 -121.262361807 210
38.612407249 -121.262686474 188
38.612290986 -121.26301159 188
38.61216107 -121.263314595 188
38.612027088 -121.263626407 188
38.611914725 -121.263941344 178
38.611793808 -121.264260686 238
38.611680345 -121.264575173 237
38.611579909 -121.264889137 204
38.611479815 -121.265206783 221
38.611371034 -121.26550581 354
38.611266485 -121.265804373 196
38.611157469 -121.266108 178
38.611049131 -121.266412169 172
38.610938506 -121.266717704 198
38.610833432 -121.267023951 178
38.610728546 -121.267334735 350
38.610625033 -121.267648614 353
38.610517101 -121.267964783 348
38.610403622 -121.268280534 348
38.610279176 -121.268595287 324
38.610160968 -121.268910571 348
38.610045283 -121.269224987 340
38.609919917 -121.269538304 285
38.609802043 -121.269852223 380
38.609695303 -121.270167507 194
38.609566911 -121.270473995 229
0.0 0.0 347
0.0 0.0 343
0.0 0.0 217
0.0 0.0 249
0.0 0.0 317
38.608810591 -121.27230991 194
38.608662509 -121.272592872 352
38.608485443 -121.272875479 361
0.0 0.0 329
0.0 0.0 329
0.0 0.0 179
38.607587289 -121.273901152 189
38.607425291 -121.274141366 329
38.607227671 -121.27437744 313
38.60702301 -121.274601863 329
38.606817212 -121.274800695 349
38.610075758 -121.276352188 364
38.60999685 -121.276658025 323
38.608878258 -121.276531585 378
38.607113798 -121.27615767 341
38.606295581 -121.276102951 357
38.60602284 -121.276263822 292
38.604909263 -121.276130385 321
38.604626578 -121.276272521 325
38.604342102 -121.276408008 164
38.603948905 -121.276475194 177
38.603678778 -121.276567734 174
38.603446042 -121.27658257 231
38.603174755 -121.276658368 249
38.6028991 -121.276735443 218
38.602629568 -121.276798413 348
38.602358201 -121.276866878 317
38.602090607 -121.276924828 376
38.60181605 -121.277011094 362
38.601548333 -121.27707343 222
38.601282859 -121.277129812 205
38.60101632 -121.277191917 389
38.600730325 -121.277301654 392
38.600438878 -121.277427328 201
38.600150544 -121.277538088 193
38.599872932 -121.277629641 172
38.599580991 -121.277746285 191
38.599287214 -121.277868042 186
38.599006293 -121.277981279 185
38.598725699 -121.278104281 199
38.598447027 -121.278243139 180
38.598173353 -121.278397879 192
38.597904024 -121.278533994 172
38.597623717 -121.27867712 190
38.597349679 -121.278860382 195
38.597094457 -121.279044732 169
38.596845931 -121.279228341 290
38.596582047 -121.279452621 369
38.59634196 -121.279651334 202
38.59610941 -121.279869599 191
38.595882962 -121.280110009 174
38.595658737 -121.280343381 190
38.5954349 -121.280593027 187
38.595229798 -121.28082754 194
38.595029792 -121.281068837 192
38.594837653 -121.281329848 181
38.594640765 -121.281604175 360
38.594452625 -121.281869164 347
38.594272949 -121.282129317 384
38.594105109 -121.282401828 334
38.593941839 -121.28267165 212
38.593778197 -121.282941519 200
38.593610978 -121.283222768 175
38.593436752 -121.283511648 187
38.593268921 -121.283792064 192
38.593091478 -121.284090047 187
38.59293114 -121.284357076 191
38.59277647 -121.284612493 193
38.592626546 -121.284855941 194
38.592463149 -121.285123622 179
38.592298648 -121.28539966 185
38.592134292 -121.285675932 190
38.591970824 -121.285948597 173
38.591805993 -121.286224248 187
38.591638888 -121.286508108 191
38.591471524 -121.286790786 201
38.591302366 -121.287078386 181
38.591136094 -121.287354527 171
38.5909523 -121.287639821 176
38.590778929 -121.287950874 182
38.590611107 -121.288225565 179
38.590436023 -121.288524877 200
38.590264623 -121.288813585 167
38.590092924 -121.289103573 381
38.589928822 -121.28937265 388
38.589765903 -121.289641459 197
38.589602196 -121.28990429 192
38.589432422 -121.290188319 183
38.589267575 -121.290456022 182
38.589102799 -121.290723847 187
38.588948553 -121.290959293 179
38.588785063 -121.291222445 360
38.588620722 -121.29149057 355
38.58845276 -121.291770457 333
38.588288957 -121.292046678 374
38.588119773 -121.292334798 200
38.587951301 -121.292616877 195
38.58779027 -121.292876015 182
38.587623131 -121.293153099 173
38.587458038 -121.293426791 175
38.587292431 -121.293702047 174
38.587127013 -121.293979398 219
38.586967954 -121.294244199 171
38.586805471 -121.294513225 193
38.586651546 -121.294760654 190
38.586488947 -121.295025985 177
38.5863261 -121.295293556 197
38.586161735 -121.295571404 173
38.585997425 -121.295847236 189
38.585831703 -121.296122562 178
38.585657854 -121.296410871 190
38.585486333 -121.296696102 179
38.585319253 -121.296977858 177
38.585149813 -121.297258454 181
38.584983517 -121.297536795 189
38.584817678 -121.297818428 172
38.584650197 -121.298095187 175
38.584481577 -121.298369712 155
38.584312951 -121.298646228 173
38.584144131 -121.298923899 182
38.583975853 -121.299203201 180
38.583809286 -121.299482823 181
38.583641088 -121.299763111 190
38.583472525 -121.300041889 186
38.583304854 -121.300323212 176
38.583136614 -121.300603644 177
38.582968223 -121.300883415 182
38.582799767 -121.301161902 173
38.582632038 -121.301439454 185
38.582463546 -121.301717992 174
38.582294691 -121.301997305 180
38.582125406 -121.302273183 178
38.581957024 -121.302551214 353
38.581788291 -121.3028293 358
38.58161962 -121.303107695 374
38.581451707 -121.303387423 194
38.581283775 -121.30366516 182
38.581116647 -121.303943441 181
38.580950104 -121.30422166 186
38.5807837 -121.304500343 206
38.580616767 -121.304778368 368
38.580449034 -121.305056395 208
38.580280006 -121.305334179 156
38.580110882 -121.305611843 183
38.579941486 -121.305890493 205
38.579772263 -121.306173283 211
38.579602249 -121.306452224 179
38.579432854 -121.306729929 177
38.579264976 -121.307007032 191
38.579099157 -121.307283238 182
38.57893498 -121.307561353 188
38.578773513 -121.307843676 191
38.578621865 -121.308106116 170
38.578464487 -121.308382943 154
38.578319182 -121.30867166 167
38.578174149 -121.308959633 173
38.578030742 -121.309250657 185
38.577888884 -121.309548447 188
38.577747758 -121.309854956 189
38.577611225 -121.310161115 176
38.577477967 -121.310467244 168
38.577355395 -121.310764301 177
38.57723374 -121.311081468 181
38.577111949 -121.311394002 174
38.576991995 -121.311704719 160
38.576871734 -121.31201872 167
38.576750409 -121.312332581 181
38.576628541 -121.312645534 177
38.5765067 -121.312957334 183
38.576383626 -121.313270323 178
38.576259754 -121.313583247 184
38.576136017 -121.313895142 164
38.576012423 -121.314208337 184
38.575889645 -121.314522272 166
38.575765897 -121.314836321 169
38.575641818 -121.315150378 183
38.575517437 -121.315463551 173
38.575393498 -121.315775296 182
38.57527007 -121.316086869 360
38.575147105 -121.316399264 213
38.575021293 -121.316712098 335
38.574896817 -121.317024341 207
38.57477268 -121.317336511 184
38.574648776 -121.317649222 188
38.574521836 -121.317960835 197
38.574395702 -121.31827544 179
38.574270609 -121.318585854 173
38.574145741 -121.318895918 177
38.574020606 -121.319206028 174
38.57389653 -121.319517286 171
38.573773597 -121.319829234 180
38.573650655 -121.320142941 188
38.57352735 -121.320456315 171
38.573404847 -121.320772009 174
38.573281412 -121.321085892 187
38.573157127 -121.321398951 172
38.573032139 -121.321712666 175
38.572907514 -121.322026494 358
38.57278433 -121.322339268 349
38.572659408 -121.322653649 355
38.572533806 -121.322965701 352
38.572408247 -121.323276649 362
38.572282601 -121.323587424 205
38.572156202 -121.323899179 181
38.572027349 -121.324208436 404
38.571896446 -121.324515377 174
38.571764348 -121.324819092 174
38.571628709 -121.325122579 166
38.571493313 -121.325415825 174
38.571350634 -121.325717465 171
38.571203441 -121.326020809 178
38.571055649 -121.326322171 177
38.570910263 -121.326617343 183
38.570769358 -121.326901267 167
38.570629806 -121.327181942 175
38.570481174 -121.327478777 160
38.570335243 -121.327768895 164
38.570185072 -121.328069013 171
38.570039881 -121.328357598 362
38.569891706 -121.328655536 355
38.569742637 -121.328954862 359
38.569593212 -121.329254008 200
38.56943856 -121.329567434 182
38.569290941 -121.329862495 165
38.569137624 -121.330173305 198
38.568993401 -121.330461562 155
38.568843204 -121.330767047 195
38.568692169 -121.331076759 182
38.56854906 -121.331368153 195
38.568401814 -121.331665785 181
38.568256809 -121.331961677 171
38.568107501 -121.332267736 180
38.567956512 -121.332577556 389
38.567810592 -121.332874428 197
38.567661509 -121.33317718 167
38.567514214 -121.333479369 177
38.567363338 -121.333793114 173
38.567214434 -121.334101402 172
38.567058357 -121.33442503 170
38.566904277 -121.334743117 179
38.566756884 -121.335046999 184
38.566608717 -121.335353166 366
38.566458362 -121.335665262 242
38.566315333 -121.335960573 165
38.566165011 -121.336268234 181
38.566018293 -121.336582412 169
38.565867267 -121.336902199 174
38.565711499 -121.337222985 193
38.565559463 -121.33753862 159
38.565405973 -121.33785478 175
38.565260291 -121.338151117 172
38.565112941 -121.33845226 172
38.56497093 -121.338736978 185
38.564825578 -121.339034956 175
38.564682747 -121.339327858 173
38.564538731 -121.339622744 188
38.564392168 -121.339919933 229
38.564248042 -121.340215418 314
38.564105259 -121.340510288 180
38.563960888 -121.340815285 178
38.563826679 -121.341118942 175
38.563698308 -121.341427477 167
38.563575635 -121.341733562 197
38.563455364 -121.342048645 179
38.5633432 -121.342350585 352
38.563235994 -121.34266451 311
38.563135558 -121.342978879 195
38.5630381 -121.343299027 336
38.562944726 -121.343616153 354
38.562855081 -121.343937965 199
38.562769698 -121.344270196 183
38.562690613 -121.344599872 229
38.562617274 -121.344931726 184
38.562548383 -121.345275779 195
38.562483622 -121.345616816 226
38.562421284 -121.34595695 355
38.562363714 -121.346301804 186
38.562313696 -121.346642979 198
38.562268019 -121.346985991 179
38.562219672 -121.347334282 179
38.562177339 -121.347679319 319
38.562139034 -121.348018416 360
38.562099931 -121.348366172 352
38.562071879 -121.348728979 320
38.562031446 -121.349079772 300
38.561989944 -121.349427402 193
38.561952246 -121.34977536 186
38.561914307 -121.350133871 182
38.561881197 -121.35048234 173
38.561843513 -121.350832776 188
38.561805623 -121.351171597 179
38.561770075 -121.351521744 175
38.561734257 -121.35186189 340
38.561706954 -121.352208683 302
38.561669935 -121.352558096 175
38.561628851 -121.352904917 180
38.56159274 -121.353254051 183
38.561564329 -121.353602242 187
38.56153316 -121.353948843 167
38.561497014 -121.354299672 165
38.561462094 -121.354646905 168
38.561423808 -121.354986241 189
38.561381553 -121.355334203 191
38.561350065 -121.355678629 168
38.561304562 -121.356026638 177
38.561252015 -121.356371762 196
38.561211123 -121.356718775 175
38.561173941 -121.357069378 198
38.561135795 -121.35741518 189
38.561090867 -121.357762078 182
38.561042103 -121.358110751 190
38.560994813 -121.358461089 195
38.560950459 -121.358813895 191
38.560905938 -121.359165337 179
38.560865686 -121.359516773 190
38.560828628 -121.359877561 194
38.560801527 -121.360228217 173
38.560764888 -121.36058036 178
38.560736215 -121.360932058 190
38.560699976 -121.361281296 178
38.56066248 -121.361634869 175
38.560634047 -121.361987689 179
38.560584047 -121.362344632 175
38.560536317 -121.362706904 170
38.560494242 -121.363061514 179
38.560464708 -121.363409255 177
38.560439601 -121.36376405 160
38.560413984 -121.364094509 177
38.560386884 -121.364442074 176
38.560348968 -121.3647917 191
38.560298632 -121.365145015 192
38.560227188 -121.365498018 180
38.560183377 -121.365858736 188
38.560152598 -121.36621021 175
38.560105424 -121.366568447 169
38.560067306 -121.366923752 182
38.560021695 -121.367264432 151
38.559990324 -121.367616961 185
38.559954754 -121.367974733 196
38.559922413 -121.368318572 170
38.559878712 -121.368670987 177
38.559819541 -121.369021774 190
38.559790753 -121.369376238 353
38.559755837 -121.369727611 339
38.559721853 -121.370093454 217
38.559680252 -121.370450114 313
38.559636251 -121.37080595 356
38.559601925 -121.371168784 357
38.559559422 -121.371516585 194
38.559512686 -121.371877351 175
38.559472841 -121.372227062 190
38.559436822 -121.372571001 197
38.559393356 -121.372919619 180
38.559352496 -121.373266393 184
38.559320331 -121.373624178 163
38.559287846 -121.373981126 160
38.559251143 -121.374334357 154
38.559219654 -121.374689408 174
38.559200978 -121.375035528 164
38.559184108 -121.375386314 184
38.559160339 -121.375732355 169
38.559123555 -121.37609802 163
38.559102438 -121.376465116 181
38.559085996 -121.376805023 179
38.559062761 -121.377168523 164
38.559040538 -121.377536291 153
38.55899948 -121.377881663 168
38.558968404 -121.378227988 178
38.558929248 -121.378578596 181
38.558891067 -121.37892146 185
38.558867292 -121.379265921 179
38.558839326 -121.379610969 173
38.558798431 -121.379946297 180
38.558757038 -121.380295474 189
38.558731173 -121.380648715 177
38.558707191 -121.380999106 198
38.558693243 -121.381338868 161
38.558670488 -121.381685066 155
38.558635352 -121.382037097 165
38.558623153 -121.3823826 182
38.558578682 -121.382737591 173
38.558542814 -121.383081821 173
38.558503004 -121.383428206 166
38.558470546 -121.383783977 177
38.558428367 -121.384156893 169
38.558391523 -121.384517028 177
38.558366582 -121.384861659 176
38.55833732 -121.385212024 174
38.558300376 -121.385562615 169
38.55826789 -121.385912086 176
38.558243607 -121.386258587 162
38.558218828 -121.38660648 184
38.558179721 -121.38697823 160
38.558143863 -121.387350246 197
38.558105941 -121.3877332 176
38.558061372 -121.388127762 175
38.558025629 -121.388518388 167
38.558010029 -121.388888592 169
38.557980403 -121.38927969 173
38.557956737 -121.389662606 176
38.557957902 -121.390043089 161
38.557912761 -121.390431323 174
38.5578695 -121.390819708 167
38.557846378 -121.391199595 176
38.557831636 -121.391567395 169
38.557803188 -121.391972022 157
38.557769385 -121.392371545 176
38.557723803 -121.3927721 173
38.557685475 -121.393143115 179
38.557632006 -121.393545157 179
38.557583781 -121.393920588 183
38.557546179 -121.39430842 189
38.557473337 -121.394702834 176
38.557393773 -121.395077697 167
38.557313977 -121.395450829 182
38.55724853 -121.395855599 163
38.55718128 -121.396243764 167
38.557076962 -121.396623593 171
38.556977133 -121.397001941 179
38.556886607 -121.39736804 182
38.556791819 -121.397744506 170
38.556700103 -121.39811441 179
38.556598962 -121.398479458 177
38.556494131 -121.398851996 185
38.556392644 -121.399210212 181
38.556296669 -121.399569752 176
38.55620764 -121.399924449 175
38.556118073 -121.400296313 198
38.556023792 -121.400663578 185
38.555928039 -121.401036297 336
38.555835836 -121.401407665 198
38.555742812 -121.401779479 173
38.555651161 -121.402153451 170
38.555562828 -121.402525937 173
38.555469087 -121.402915805 195
38.555379734 -121.403298323 175
38.555293162 -121.403683068 172
38.555210964 -121.404072335 157
38.555139807 -121.40445445 167
38.55506897 -121.404828671 180
38.555011239 -121.405183624 177
38.554953221 -121.405532507 175
38.554912034 -121.405855704 163
38.554919262 -121.406111457 181
38.554924028 -121.406405778 178
38.554936858 -121.406699339 165
38.554953814 -121.40698627 153
38.554992873 -121.407230984 188
38.555033652 -121.407469435 156
38.555078841 -121.407687403 182
38.555118683 -121.40789592 183
38.55516001 -121.408083077 290
38.555202456 -121.408251773 339
38.555240789 -121.408406399 185
38.555271326 -121.408554241 176
38.555297282 -121.408686519 170
38.555321705 -121.408802263 163
38.555345391 -121.408898869 170
38.555366563 -121.408982801 188
38.555381438 -121.409050604 337
38.555391161 -121.409099162 319
38.555396852 -121.409128887 303
38.555395984 -121.409141283 334
38.555398878 -121.409141884 313
38.555394597 -121.409147907 321
38.555389894 -121.409152281 218
38.555389879 -121.409148359 169
38.555389739 -121.409144741 165
38.555390278 -121.409140802 200
38.555393149 -121.409133931 165
38.555393473 -121.409131656 191
38.555392748 -121.409131569 170
38.555391572 -121.409132031 176
38.5553903 -121.409132123 188
38.555391497 -121.409127004 179
38.555392655 -121.409121966 185
38.555391676 -121.409120481 174
38.555390208 -121.409121074 186
38.55539256 -121.40911311 335
38.555392364 -121.40911007 362
38.55539451 -121.409103787 355
38.555394741 -121.409101252 211
38.555398702 -121.409090074 176
38.555400647 -121.409079995 199
38.555400585 -121.409075094 321
38.555402734 -121.409067543 206
38.555402156 -121.409064997 181
38.555399457 -121.409066831 292
38.555400891 -121.409060586 331
38.555402123 -121.409058225 205
38.555404123 -121.409083986 204
38.555405754 -121.409129097 181
38.555405052 -121.409186891 178
38.55540367 -121.409243831 190
38.555389893 -121.409300062 195
38.555357832 -121.409345812 205
38.555306205 -121.409383084 320
38.55525299 -121.409419388 201
38.555188104 -121.409437912 201
38.555101962 -121.409452222 193
38.555010457 -121.409464103 182
38.554904579 -121.409466689 167
38.554788253 -121.409468173 192
38.55466225 -121.409468719 202
38.554523252 -121.409445852 169
38.554383369 -121.40945476 215
38.554240545 -121.409456816 311
38.554093314 -121.409462647 220
38.553944479 -121.409455243 198
38.553797778 -121.409451842 191
38.553653207 -121.409447695 195
38.553512937 -121.409442078 184
38.553377384 -121.4094377 207
38.553253041 -121.409430687 203
38.553142893 -121.409433524 188
38.553041457 -121.409436018 198
38.552951533 -121.409439628 290
38.552873105 -121.409435547 320
38.552806628 -121.409426275 307
38.552747951 -121.40942055 217
38.552700111 -121.409420003 195
38.552668131 -121.409418114 198
38.552650731 -121.409407108 201
38.552647125 -121.409403353 184
38.552649442 -121.409393344 201
38.552652843 -121.409388176 175
38.552656335 -121.409382218 193
38.552656828 -121.409376009 194
38.552652154 -121.409373476 185
38.552634574 -121.409382911 179
38.552619817 -121.40937522 181
38.552600726 -121.409373596 179
38.552566653 -121.409363278 202
38.552521113 -121.409343912 191
38.552461002 -121.409332387 232
38.552384001 -121.409328059 185
38.552293851 -121.409328596 194
38.552192499 -121.409325284 187
38.552085869 -121.409303264 175
38.551966302 -121.40929549 177
38.551836754 -121.409293434 190
38.551703468 -121.409285356 173
38.551571125 -121.409268271 168
38.551429691 -121.409259647 181
38.55128286 -121.40925118 171
38.551131036 -121.409253287 178
38.550974652 -121.409251886 181
38.550819601 -121.409242346 185
38.550665823 -121.409235441 178
38.55052166 -121.409227699 190
38.550384548 -121.409214723 182
38.55026061 -121.409210506 179
38.550150127 -121.409197108 308
38.550052458 -121.409194832 302
38.549967903 -121.409201492 222
38.54990438 -121.40919893 275
38.549858466 -121.409198977 191
38.549828519 -121.40919936 198
38.549809696 -121.409194941 313
38.549802399 -121.409186114 317
38.549798318 -121.409191508 309
38.549794324 -121.409194911 313
38.549792024 -121.409202082 312
38.549793164 -121.409205101 338
38.549791828 -121.409207575 276
38.54978989 -121.409210778 266
38.549786046 -121.409212626 183
38.549783006 -121.409212757 185
38.549781147 -121.409212784 163
38.549780938 -121.409216753 177
38.549779687 -121.409217058 180
38.549779914 -121.409220055 169
38.549777833 -121.409218969 171
0.0 0.0 178
38.549783263 -121.409220437 181
38.549783717 -121.409227723 171
38.549782846 -121.40923042 185
38.549782037 -121.409229164 179
38.549782382 -121.409237256 200
38.549729725 -121.40923013 294
38.549652525 -121.409236644 303
38.549569244 -121.409237413 308
38.549472865 -121.40922366 296
38.54944667 -121.409218038 311
38.549351408 -121.409198706 295
38.549251151 -121.409186819 298
38.549146303 -121.409169181 333
38.549039053 -121.409170114 206
38.548951556 -121.409147135 172
38.548873604 -121.409111169 184
38.548781658 -121.409093837 218
38.548687023 -121.409078932 191
38.548578538 -121.409041517 179
38.548390496 -121.409025473 185
38.548212427 -121.409007997 290
38.548019399 -121.408972309 299
38.547807055 -121.408984871 290
38.547623678 -121.409048932 309
38.547453533 -121.409114457 304
38.547270502 -121.409115884 298
0.0 0.0 304
0.0 0.0 303
0.0 0.0 285
0.0 0.0 216
38.546404075 -121.409105314 186
38.546155447 -121.40909241 214
38.545941059 -121.409088811 300
38.545767047 -121.409108017 336
0.0 0.0 198
38.5452001 -121.409127499 195
38.54493034 -121.409105138 180
38.544689879 -121.409096609 178
38.544472022 -121.409084403 189
38.544264497 -121.409079703 179
38.544063788 -121.409071153 176
38.543865479 -121.409065575 175
38.543670238 -121.40905787 183
38.543476435 -121.409055826 167
38.543284843 -121.409047669 171
38.543091362 -121.409041607 192
38.542900335 -121.409033777 170
38.542708992 -121.409026784 192
38.54251587 -121.409019111 169
38.542321634 -121.409018123 262
38.542130414 -121.409002748 312
38.541940527 -121.40900676 211
38.541751227 -121.409002661 168
38.541560846 -121.409000862 189
38.541374183 -121.409005543 187
38.541188177 -121.409007542 179
38.54100883 -121.409011025 188
38.540835428 -121.409013804 186
38.540668258 -121.409018354 176
38.540505823 -121.409012007 194
38.540359514 -121.409017058 178
38.540232319 -121.409020585 189
38.540127022 -121.409029934 182
38.540035323 -121.409033864 194
38.539960161 -121.40905074 211
38.53989971 -121.4090422 318
38.539856028 -121.409059509 315
38.539814467 -121.409057727 288
38.539785636 -121.409060738 314
38.539768354 -121.409058491 298
38.539764694 -121.409053115 190
38.539759248 -121.409053703 178
38.539755993 -121.409056596 165
38.539753223 -121.409058678 180
38.539749855 -121.409060897 186
38.53974682 -121.409065377 182
38.539744071 -121.409068917 183
38.539742431 -121.409071202 240
38.539732771 -121.409071868 298
38.539705461 -121.409078861 214
38.539663916 -121.409083765 186
38.539611962 -121.409089976 178
38.539547569 -121.409093511 175
38.539483357 -121.409081257 173
38.539411079 -121.409068299 182
38.539331126 -121.409042961 323
38.539243236 -121.409017321 214
38.53914406 -121.408993958 173
38.539037451 -121.408973031 183
38.538914824 -121.408963691 167
38.538782653 -121.408951233 296
38.538627405 -121.408953455 302
38.53846959 -121.408960839 173
38.538312313 -121.408963987 276
38.538151912 -121.408969365 298
38.537986697 -121.408974506 299
38.537823385 -121.408972964 282
38.537656468 -121.408979932 208
38.537483627 -121.408999135 172
38.537315579 -121.409007766 202
38.53714125 -121.40902349 174
38.536966891 -121.40904016 207
38.536773172 -121.40908831 189
38.536590668 -121.409114807 181
38.536419296 -121.409118605 196
38.536249446 -121.409113851 180
38.536073354 -121.40911708 184
38.535897358 -121.409121277 161
38.53571335 -121.409139726 164
38.535532635 -121.409150612 194
38.535359589 -121.409145816 170
38.535180061 -121.409149824 171
38.534996674 -121.409158726 161
38.53482393 -121.409147008 173
38.53464642 -121.409144985 172
38.534466468 -121.409147297 179
38.534295068 -121.409136209 189
38.534128561 -121.409118569 172
38.53395272 -121.409114389 180
38.533778619 -121.409106255 172
38.533594803 -121.409110884 174
38.533417535 -121.40910615 183
38.533236621 -121.409104216 191
38.533049186 -121.409113712 176
38.532866754 -121.409113035 168
38.532708463 -121.409081276 168
38.532526896 -121.409078337 174
38.532357698 -121.409067232 149
38.532187624 -121.409061482 167
38.532009573 -121.409052695 169
38.531825462 -121.409053458 177
38.531644017 -121.40904767 171
38.531449894 -121.409056956 244
38.531262778 -121.40905597 197
38.531076527 -121.409057538 179
38.530893508 -121.409052082 194
38.530719129 -121.409040963 191
38.530537609 -121.409038932 194
38.530359113 -121.409036465 167
38.530183368 -121.409040308 187
38.53001406 -121.409032402 308
38.529838673 -121.409035109 274
38.529667833 -121.409030775 289
38.529487363 -121.409040574 196
38.529309378 -121.409047164 186
38.529137081 -121.409041525 189
38.528957353 -121.409048023 182
38.528778884 -121.40905109 190
38.528601797 -121.409049993 184
38.528419769 -121.409051328 172
38.528221939 -121.409068468 186
38.528041431 -121.409073737 171
38.527863315 -121.409073188 196
38.527677904 -121.409075121 220
38.527487087 -121.409074573 267
38.527294235 -121.409075286 201
38.527105799 -121.409072442 185
38.526927018 -121.409074083 282
38.526748831 -121.409073634 231
38.526581356 -121.409074604 278
38.526418838 -121.409082547 296
38.526258763 -121.409087655 279
38.52610612 -121.409096136 175
38.525965607 -121.409108495 211
38.525846705 -121.409101184 186
38.525738332 -121.409108683 170
38.525642298 -121.409105146 178
38.525526644 -121.409132256 184
38.525448547 -121.409153188 164
38.525408958 -121.409154747 310
38.525379199 -121.409168155 202
38.52537176 -121.409173222 169
38.525364484 -121.409176383 181
38.525365844 -121.409181132 171
38.525361717 -121.409187147 173
38.525346416 -121.409191798 180
38.525345786 -121.409196169 212
38.525341393 -121.409207771 199
38.525330557 -121.409211866 180
38.525323594 -121.409223112 248
38.525316369 -121.409234243 231
38.525312074 -121.409247987 179
38.525308177 -121.409255605 175
38.525297413 -121.409259032 170
38.525293678 -121.409268481 257
38.525288115 -121.409274523 309
38.525286475 -121.409276286 270
38.525283167 -121.409280158 229
38.525283627 -121.409286681 182
38.525280882 -121.409293743 175
38.525281654 -121.409294335 170
38.525283643 -121.409294214 187
38.525272913 -121.409296976 267
38.525273518 -121.409298894 302
38.525277007 -121.409299903 298
38.525276633 -121.409305899 210
38.525276112 -121.409301811 187
38.525274042 -121.409303286 174
38.525272292 -121.40930408 178
38.52527388 -121.409309655 192
38.525273643 -121.409308688 175
38.525276854 -121.409305816 162
38.525279217 -121.40930239 185
38.525276914 -121.40929707 184
38.525279022 -121.409298455 174
38.525284052 -121.409295186 197
38.525290005 -121.40928567 182
38.52528978 -121.409288338 176
38.52527596 -121.409287753 177
38.52524482 -121.409288222 187
38.525196496 -121.409279641 187
38.525133542 -121.409272583 193
38.525061269 -121.409267342 183
38.524979815 -121.40925596 252
38.524898816 -121.409250393 273
38.524787938 -121.409252536 222
38.52467553 -121.409247836 289
38.524555866 -121.409241547 185
38.524418003 -121.409230046 175
38.524277396 -121.409224187 167
38.524134789 -121.409218255 191
38.523988725 -121.409210074 191
38.523836688 -121.409201076 189
38.52366631 -121.40920474 303
38.523497726 -121.40921093 307
38.52333144 -121.409213579 188
38.52316136 -121.409210665 174
38.522991329 -121.409206816 193
38.522817777 -121.409202896 183
38.522642446 -121.409200717 294
38.522466081 -121.409201994 197
38.522287343 -121.409201343 207
38.522103697 -121.40920757 250
38.52192085 -121.409208029 183
38.52173539 -121.409213239 178
38.521549161 -121.409215944 174
38.521364742 -121.409215941 161
38.521177111 -121.409215939 226
38.520986444 -121.409221016 195
38.520796774 -121.409226211 203
38.520609698 -121.409227867 222
38.520422011 -121.409228963 178
38.520234938 -121.409224815 186
38.52005153 -121.409225329 173
38.519866361 -121.40923235 185
38.519690627 -121.409231129 179
38.519519338 -121.409229443 188
38.519343724 -121.409237857 243
38.519172638 -121.409241242 222
38.519003661 -121.409247084 190
38.518838181 -121.409249587 182
38.518676927 -121.40924254 188
38.518517164 -121.409236357 216
38.518355819 -121.409240491 295
38.518200886 -121.409243149 265
38.5180597 -121.409232379 197
38.517919222 -121.409228842 171
38.517778974 -121.409231197 193
38.517639745 -121.409232388 207
38.517494005 -121.409232135 261
38.517340805 -121.40922881 225
38.517190485 -121.409224744 187
38.517048119 -121.409219366 181
38.516903046 -121.409214332 183
38.516759184 -121.40921396 179
38.5166132 -121.409207317 216
38.516464384 -121.40921192 309
38.516316327 -121.409213402 272
38.516168067 -121.409209814 277
38.516021096 -121.409206338 195
38.515865726 -121.409206155 185
38.51570608 -121.409208206 187
38.515543469 -121.40920671 202
38.515374618 -121.409207541 191
38.515202318 -121.409207306 188
38.515027159 -121.409198301 186
38.514843655 -121.40919563 185
38.514653377 -121.409195461 180
38.514457554 -121.409195331 181
38.514258212 -121.409192371 181
38.514055753 -121.409186764 287
38.513849881 -121.409185143 221
38.513645226 -121.409186222 193
38.513439665 -121.409194101 180
38.513235282 -121.409199425 341
38.513032409 -121.409204901 273
38.51282902 -121.409210911 293
38.512633185 -121.40920802 296
38.512441103 -121.409205209 295
38.512252307 -121.409202925 288
38.512068552 -121.409199286 276
38.511887777 -121.40920124 287
38.51172173 -121.409204287 237
38.511568579 -121.409216304 203
38.511434074 -121.409224504 173
38.511319063 -121.409217695 173
38.511213233 -121.409227969 204
38.511128648 -121.409225808 166
38.511059557 -121.409224599 172
38.511004947 -121.409218388 175
38.510963972 -121.409215699 172
38.510938173 -121.40921594 170
38.510925877 -121.409212792 206
38.510917128 -121.409216615 199
38.510912472 -121.409224958 191
38.51090937 -121.409227399 192
38.510906469 -121.40923446 195
38.510908936 -121.409230697 187
38.510908802 -121.409228839 192
38.510906984 -121.409227144 189
38.510904786 -121.409228068 180
38.510898342 -121.409230358 203
38.510879361 -121.409231167 271
38.51084798 -121.409234377 280
38.510805505 -121.40923377 171
38.51075366 -121.409228036 325
38.510691393 -121.409221918 289
38.510616828 -121.409224591 284
38.51052988 -121.40923256 332
38.510430988 -121.409237979 294
38.510321584 -121.409235103 198
38.510201171 -121.409237387 182
38.510073174 -121.409236554 196
38.509929311 -121.409243982 184
38.509779892 -121.409251356 193
38.50963062 -121.409245082 174
38.50947652 -121.409239294 177
38.509317629 -121.409228122 200
38.509153688 -121.409225547 265
38.508984305 -121.409226111 210
38.508813794 -121.409224854 203
38.508638593 -121.409221833 179
38.508460108 -121.409230605 185
38.508280281 -121.409236655 248
38.508100813 -121.409238553 274
38.507921413 -121.409241842 286
38.507746083 -121.409234032 188
38.507567971 -121.409235761 207
38.507391435 -121.409234468 198
38.507213635 -121.409238121 196
38.507034492 -121.409241889 193
38.506856527 -121.409248813 176
38.506676532 -121.409248006 184
38.506502185 -121.409250984 182
38.506330464 -121.409245766 193
38.50616137 -121.409237168 190
38.505995234 -121.409231308 286
38.505826827 -121.409226667 193
38.505657501 -121.40922197 191
38.505485644 -121.409217236 188
38.5053078 -121.409219188 172
38.505132168 -121.409218547 217
38.504959489 -121.409211514 236
38.50478498 -121.409208323 188
38.504610872 -121.409207936 205
38.504441421 -121.409204191 184
38.504276494 -121.409205977 214
38.504127993 -121.409206127 183
38.504008325 -121.409196622 189
38.503903991 -121.409196905 239
38.50381863 -121.409207755 212
38.503749611 -121.409233941 182
38.50369177 -121.409292198 195
38.503653681 -121.409321782 184
38.503630537 -121.40937854 199
38.503643973 -121.409469625 194
38.50364303 -121.409558659 196
38.503642195 -121.409648481 175
38.503642807 -121.409738742 185
38.503645922 -121.409832486 188
38.50364741 -121.409931002 188
38.503648265 -121.410029595 185
38.5036503 -121.410124167 232
38.503652217 -121.410214744 214
38.503653153 -121.410300491 183
38.503655553 -121.410376144 254
38.503654119 -121.410441078 282
38.503658063 -121.410490324 205
38.503664188 -121.410542085 277
38.503667341 -121.410603966 282
38.503667934 -121.410676326 199
38.503671704 -121.410760711 191
38.503674037 -121.410857656 177
38.503678958 -121.41095883 184
38.503682094 -121.411066269 192
38.503682625 -121.411178373 195
38.503687647 -121.41129361 196
38.503690744 -121.411410104 196
38.503693456 -121.411520956 255
38.503694183 -121.411631712 176
38.503699551 -121.411733527 181
38.503707894 -121.411829162 241
38.503723207 -121.41191322 184
38.503734909 -121.411987127 314
38.503745558 -121.412054838 283
38.503756629 -121.412123294 179
38.503769834 -121.412200884 251
38.50377745 -121.412289007 193
38.503784309 -121.412378756 187
38.503787849 -121.41246236 181
38.503786568 -121.412527569 265
38.503789393 -121.412573419 205
38.503791234 -121.412605242 209
38.503793553 -121.412626415 187
38.503797643 -121.412640555 271
38.503798734 -121.412666688 200
38.503799349 -121.412713615 196
38.503799765 -121.412775894 196
38.503800671 -121.412850754 292
38.503800911 -121.412940462 298
38.50379976 -121.413045731 254
38.503798442 -121.413154667 250
38.503797069 -121.413268543 198
38.503794764 -121.413385605 186
38.503792946 -121.413502557 195
38.503790047 -121.413619864 186
38.503787566 -121.413731681 202
38.503785673 -121.413827862 187
38.503785553 -121.413906464 191
38.50378522 -121.413969684 193
38.503784324 -121.414029492 190
38.503782929 -121.414097191 189
38.503784501 -121.414162661 202
38.503787912 -121.414220114 208
38.503799393 -121.414264121 240
38.503816467 -121.414291524 276
38.503835071 -121.414312035 236
38.503851564 -121.414317422 232
38.503868074 -121.414318876 217
38.503890812 -121.414318055 186
38.503914498 -121.414311361 252
38.503937732 -121.41431167 192
38.503954258 -121.414312129 188
38.503959113 -121.414311367 199
38.503960871 -121.414311834 190
38.503960658 -121.414312356 233
38.503959489 -121.414312155 260
38.503955468 -121.414320472 206
38.503967905 -121.414331273 233
38.503968677 -121.414328346 250
38.503966821 -121.414329151 244
38.50396618 -121.414329685 225
38.503965675 -121.414330561 221
38.50396488 -121.414331295 229
38.503964486 -121.414331073 193
38.503964774 -121.414333002 209
38.503964927 -121.414332225 164
38.503965366 -121.414331481 211
38.503966054 -121.414330779 188
38.503966743 -121.414331649 195
38.503967248 -121.414332241 211
38.503967772 -121.414333442 195
38.503967728 -121.414333165 203
38.503968176 -121.414331589 195
38.503968212 -121.414333024 211
38.503969558 -121.414333958 196
38.503969698 -121.414334355 191
38.503969969 -121.414338724 194
38.503970695 -121.414335919 207
38.503970095 -121.414340169 214
38.503972357 -121.41432874 190
38.503973013 -121.414336728 198
38.503973543 -121.414333055 210
38.503974346 -121.414336619 157
38.503975045 -121.414332397 179
38.503974963 -121.414332201 208
38.503975448 -121.41432937 175
38.503976614 -121.414325299 175
