None 29
None 53
None 47
None 53
None 74
None 58
None 75
None 53
None 49
None 55
None 60
None 64
None 58
None 48
None 51
None 51
None 46
None 54
None 60
None 56
0.0 0.0 63
0.0 0.0 64
0.0 0.0 59
0.0 0.0 56
0.0 0.0 73
0.0 0.0 85
0.0 0.0 88
0.0 0.0 74
0.0 0.0 70
0.0 0.0 65
0.0 0.0 64
0.0 0.0 59
0.0 0.0 74
0.0 0.0 69
0.0 0.0 60
0.0 0.0 76
0.0 0.0 79
0.0 0.0 65
0.0 0.0 72
0.0 0.0 74
0.0 0.0 68
0.0 0.0 68
0.0 0.0 91
0.0 0.0 65
0.0 0.0 62
0.0 0.0 68
0.0 0.0 74
0.0 0.0 72
0.0 0.0 113
0.0 0.0 75
0.0 0.0 76
0.0 0.0 78
0.0 0.0 78
0.0 0.0 64
0.0 0.0 58
0.0 0.0 79
0.0 0.0 84
0.0 0.0 62
0.0 0.0 66
0.0 0.0 67
0.0 0.0 60
0.0 0.0 78
0.0 0.0 77
0.0 0.0 82
0.0 0.0 76
0.0 0.0 62
0.0 0.0 68
0.0 0.0 66
0.0 0.0 69
0.0 0.0 71
0.0 0.0 72
0.0 0.0 72
0.0 0.0 74
0.0 0.0 63
0.0 0.0 60
0.0 0.0 74
0.0 0.0 73
0.0 0.0 69
0.0 0.0 59
0.0 0.0 62
0.0 0.0 69
0.0 0.0 66
0.0 0.0 72
0.0 0.0 82
0.0 0.0 68
0.0 0.0 67
0.0 0.0 67
0.0 0.0 67
0.0 0.0 87
0.0 0.0 79
0.0 0.0 68
0.0 0.0 81
0.0 0.0 68
0.0 0.0 58
0.0 0.0 60
0.0 0.0 67
0.0 0.0 61
0.0 0.0 65
0.0 0.0 56
0.0 0.0 63
0.0 0.0 59
0.0 0.0 68
0.0 0.0 61
0.0 0.0 71
0.0 0.0 55
0.0 0.0 68
0.0 0.0 66
0.0 0.0 84
0.0 0.0 180
0.0 0.0 77
0.0 0.0 67
0.0 0.0 78
0.0 0.0 77
0.0 0.0 71
0.0 0.0 67
0.0 0.0 67
0.0 0.0 58
0.0 0.0 63
0.0 0.0 72
0.0 0.0 72
0.0 0.0 62
0.0 0.0 73
0.0 0.0 85
0.0 0.0 201
0.0 0.0 194
0.0 0.0 156
0.0 0.0 68
0.0 0.0 56
0.0 0.0 155
0.0 0.0 67
0.0 0.0 62
0.0 0.0 59
0.0 0.0 73
0.0 0.0 82
0.0 0.0 68
0.0 0.0 82
0.0 0.0 68
0.0 0.0 48
0.0 0.0 83
0.0 0.0 107
0.0 0.0 91
0.0 0.0 69
0.0 0.0 69
0.0 0.0 59
0.0 0.0 69
0.0 0.0 124
0.0 0.0 68
0.0 0.0 61
0.0 0.0 76
0.0 0.0 65
0.0 0.0 77
0.0 0.0 67
0.0 0.0 75
0.0 0.0 77
0.0 0.0 69
0.0 0.0 82
0.0 0.0 61
0.0 0.0 62
0.0 0.0 74
0.0 0.0 64
0.0 0.0 72
0.0 0.0 67
0.0 0.0 69
0.0 0.0 70
0.0 0.0 60
0.0 0.0 62
0.0 0.0 79
0.0 0.0 118
0.0 0.0 80
0.0 0.0 65
0.0 0.0 60
0.0 0.0 64
0.0 0.0 69
0.0 0.0 57
0.0 0.0 74
0.0 0.0 71
0.0 0.0 55
0.0 0.0 68
0.0 0.0 65
0.0 0.0 73
0.0 0.0 68
0.0 0.0 68
0.0 0.0 63
0.0 0.0 63
0.0 0.0 82
0.0 0.0 80
0.0 0.0 64
0.0 0.0 65
0.0 0.0 78
0.0 0.0 62
0.0 0.0 71
0.0 0.0 111
0.0 0.0 84
0.0 0.0 73
0.0 0.0 83
0.0 0.0 60
0.0 0.0 72
0.0 0.0 57
0.0 0.0 71
0.0 0.0 57
0.0 0.0 58
0.0 0.0 62
0.0 0.0 82
0.0 0.0 66
0.0 0.0 72
0.0 0.0 75
0.0 0.0 73
0.0 0.0 63
0.0 0.0 74
0.0 0.0 68
0.0 0.0 85
0.0 0.0 60
0.0 0.0 73
0.0 0.0 54
0.0 0.0 67
0.0 0.0 80
0.0 0.0 69
0.0 0.0 75
0.0 0.0 88
0.0 0.0 76
0.0 0.0 62
0.0 0.0 65
0.0 0.0 55
0.0 0.0 77
0.0 0.0 58
0.0 0.0 80
0.0 0.0 82
0.0 0.0 121
38.503869333 -121.414198333 81
38.503898667 -121.414090833 88
38.503886 -121.414025167 79
38.503892667 -121.4139385 67
38.503890333 -121.413851333 67
0.0 0.0 185
0.0 0.0 119
38.503724333 -121.413573167 75
38.503689833 -121.413477333 66
38.503676833 -121.4133775 55
38.503668167 -121.413278 191
38.503662 -121.413194333 62
38.503659667 -121.413143 74
38.5036595 -121.413095667 72
38.503661333 -121.413071833 62
38.503665167 -121.413065833 70
38.503678 -121.413069167 64
38.503686667 -121.413055667 60
38.503697833 -121.413046167 68
38.503713667 -121.413045833 115
38.5037425 -121.413046333 63
38.503792833 -121.4130355 68
38.503869 -121.413023833 87
38.503962333 -121.4130015 79
38.504017 -121.412993667 78
38.504048833 -121.412989333 102
38.504062667 -121.412984167 57
38.504087 -121.412978667 60
38.504155667 -121.412973 50
38.5042455 -121.412970167 68
38.504365333 -121.4129695 56
38.504470167 -121.412968 61
38.504561833 -121.412969833 59
38.504663333 -121.412975667 82
38.504759167 -121.41298 67
38.504856 -121.412988833 63
38.504940333 -121.412994167 58
38.505018667 -121.413007 71
38.5050585 -121.413011833 49
38.5051065 -121.413015333 54
38.505146833 -121.413020333 73
38.505193167 -121.413023167 59
38.505257833 -121.413028667 62
38.505340333 -121.413043 60
38.505419333 -121.413067167 63
38.505505667 -121.4130975 58
38.505603333 -121.4131345 65
38.505709333 -121.413170667 54
38.505823167 -121.41321 56
38.505930667 -121.413254833 82
38.506034 -121.413302167 58
38.506140167 -121.413349667 70
38.506257333 -121.413398333 59
38.506367333 -121.413441167 70
38.506466667 -121.413480833 65
38.506563833 -121.4135095 64
38.50662 -121.413530333 75
38.506671333 -121.4135465 56
38.506744667 -121.41356 65
38.506838167 -121.413563667 57
38.506943667 -121.413563333 57
38.507056833 -121.413559667 57
38.507178 -121.4135575 54
38.507302667 -121.413556167 62
38.507426167 -121.4135555 81
38.507546333 -121.4135585 54
38.507654 -121.413558667 69
38.507752167 -121.413559167 71
38.5078335 -121.4135585 56
38.5078885 -121.413556833 66
38.5079305 -121.413558 66
38.507990833 -121.4135575 73
38.508065833 -121.413558833 80
38.508152833 -121.41356 63
38.5082505 -121.413560333 64
38.508348 -121.4135605 51
38.5084395 -121.413559 71
38.508526167 -121.413555667 65
38.508597833 -121.413550167 56
38.508667333 -121.413541167 62
38.5087335 -121.413529 84
38.5088075 -121.413505333 68
38.508899 -121.413461333 47
38.508984333 -121.413401167 65
38.5090705 -121.413324167 70
38.509154 -121.413235167 59
38.509237 -121.413132667 69
38.5093135 -121.413020667 64
38.509382167 -121.412909167 88
38.509460167 -121.412795167 73
38.509528167 -121.412693 59
38.509606167 -121.412600667 59
38.509691667 -121.412523 66
38.509782167 -121.412463833 63
38.509873 -121.412413 49
38.509964 -121.412373167 80
38.510044833 -121.412347333 77
38.510122833 -121.412328167 54
38.510197 -121.412312167 49
38.510258 -121.412288333 78
38.510287 -121.412246167 67
38.510300333 -121.412184667 67
38.510317667 -121.412099333 81
38.510313667 -121.412015667 76
38.5103225 -121.411912833 83
38.510328833 -121.411784167 69
38.510332 -121.4116395 71
38.510335 -121.411480667 69
38.510338 -121.411316667 59
38.510340667 -121.4111485 73
38.510342167 -121.41098 57
38.510342333 -121.4108095 82
38.510340333 -121.410644667 66
38.5103325 -121.410479833 59
38.510328333 -121.410324833 56
38.510328333 -121.410189 63
38.5103325 -121.410067167 63
38.510339333 -121.409972833 61
38.510346 -121.409887667 86
38.510351 -121.409819333 71
38.5103545 -121.409760667 61
38.510356333 -121.409721667 65
38.510358 -121.4096975 67
38.5103585 -121.409682 69
38.510358833 -121.409677333 61
38.510358667 -121.409671833 61
38.510358167 -121.409666667 83
38.510358667 -121.409666 58
38.5103595 -121.409672 78
38.510360167 -121.409668667 65
38.510360333 -121.409666167 66
38.510359667 -121.409659167 62
38.5103605 -121.409654667 71
38.510361 -121.409649 65
38.510361167 -121.409645833 72
38.510360167 -121.4096435 70
38.510361667 -121.409636833 63
38.5103615 -121.4096355 60
38.510361333 -121.409634167 61
38.510361667 -121.409631667 67
38.510362167 -121.409629 74
38.510362333 -121.409626 52
38.510364333 -121.4096195 71
38.510364167 -121.409617333 72
38.510364833 -121.409613667 61
38.510365333 -121.409608333 79
38.510365833 -121.409605 68
38.510365333 -121.409602833 67
38.5103645 -121.409602167 54
38.51038 -121.409567333 54
38.510388167 -121.4095495 71
38.5103935 -121.409538667 74
38.510397167 -121.409531 64
38.510399833 -121.4095255 66
38.510402 -121.409521833 71
38.510404167 -121.409518833 58
38.510405833 -121.409515833 47
38.51041 -121.4095155 68
38.5104145 -121.409514 74
38.510418 -121.409513667 58
38.510421667 -121.409514167 70
38.510425333 -121.409514667 85
38.510428 -121.409514833 71
38.510429833 -121.409515167 57
38.510431667 -121.409515333 74
38.510433333 -121.409515667 78
38.510434833 -121.409514167 55
38.5104365 -121.409512167 73
38.510438167 -121.40951 58
38.5104405 -121.409509167 61
38.5104425 -121.409509167 63
38.510444167 -121.409508333 56
38.510445833 -121.409502 70
38.510447333 -121.409479 69
38.510449833 -121.409436 69
38.5104525 -121.409378833 62
38.510455167 -121.4093075 59
38.510472667 -121.409231333 64
38.510504833 -121.409153167 76
38.510553667 -121.409086833 74
38.510624167 -121.409044167 67
38.510732333 -121.409018667 73
38.510840667 -121.409013167 60
38.510955667 -121.409008167 72
38.511082333 -121.409006167 61
38.511217167 -121.4090045 61
38.511358833 -121.4090005 69
38.511507833 -121.408997 64
38.511662833 -121.408994667 69
38.511824833 -121.408992833 73
38.511989833 -121.408992667 83
38.512165 -121.408994667 60
38.512346833 -121.408995 64
38.512530667 -121.4090015 67
38.512718 -121.409014333 80
38.512904833 -121.409026 59
38.5130935 -121.4090315 64
38.513281667 -121.409029167 69
38.5134735 -121.409018833 58
38.513668333 -121.409008333 57
38.513866333 -121.408999667 49
38.514068833 -121.408996 46
38.514273833 -121.408997333 59
38.514474667 -121.408999333 51
38.514668667 -121.4090005 64
38.514859667 -121.408999667 71
38.515041333 -121.409000167 59
38.515216167 -121.4090005 49
38.515372333 -121.409003833 59
38.515509 -121.409005667 70
38.5156235 -121.409006167 64
38.515714 -121.409005833 66
38.5157845 -121.409006333 59
38.515835833 -121.4090065 60
38.515869667 -121.409006667 64
38.5158925 -121.409008167 54
38.515902667 -121.409009 73
38.5159045 -121.409009 69
38.515905333 -121.4090095 71
38.515905167 -121.409009833 57
38.5159055 -121.409009333 64
38.5159055 -121.409009 53
38.515906 -121.409008833 51
38.515906833 -121.409008333 60
38.5159075 -121.409008333 64
38.515908333 -121.409008667 68
38.515909167 -121.409008333 57
38.515909667 -121.409008833 79
38.515911 -121.409008833 60
38.515911833 -121.4090085 48
38.515913 -121.409008833 63
38.515914167 -121.409009167 68
38.515915333 -121.409009333 60
38.515918667 -121.409009333 77
38.5159355 -121.409011833 59
38.5159725 -121.409012833 54
38.516025 -121.409014 51
38.5160915 -121.409012833 61
38.516170167 -121.409012333 69
38.5162595 -121.409014 81
38.516359833 -121.409015 70
38.516470333 -121.409016833 61
38.516591333 -121.409017833 62
38.5167205 -121.409019833 71
38.516856667 -121.409021833 69
38.516999167 -121.409023833 54
38.517148333 -121.409025167 74
38.5173035 -121.409026 62
38.517463333 -121.409026333 57
38.517625167 -121.409025667 64
38.517788 -121.409026333 70
38.517954 -121.409026833 54
38.518123333 -121.409026333 62
38.518295 -121.409026 54
38.5184675 -121.409026 82
38.518642833 -121.4090255 68
38.518819833 -121.409024667 68
38.518996167 -121.409022333 64
38.5191655 -121.409021667 67
38.519325 -121.409022167 65
38.519472667 -121.409022 55
38.5196095 -121.409021833 72
38.519729333 -121.409023167 82
38.519836 -121.409025 58
38.519928167 -121.409025833 56
38.520005 -121.4090265 65
38.520068167 -121.409027667 54
38.520116667 -121.409027833 57
38.520151833 -121.409028333 64
38.5201735 -121.4090295 51
38.520187833 -121.409028833 69
38.520198833 -121.409029 49
38.5202115 -121.409029333 50
38.520226333 -121.409029167 68
38.520243667 -121.409028833 56
38.520263833 -121.409028833 52
38.5202875 -121.409029667 60
38.520317667 -121.409030333 71
38.520354 -121.409030667 65
38.520398833 -121.409032 68
38.520451167 -121.4090335 65
38.520509833 -121.409035333 60
38.520571667 -121.409037 58
38.520637 -121.409038667 53
38.520707833 -121.4090395 64
38.520780333 -121.409039333 64
38.520850333 -121.4090395 64
38.520920333 -121.409039667 51
38.520993667 -121.409039667 58
38.521064667 -121.409040333 58
38.521138 -121.4090405 73
38.521211833 -121.409040667 52
38.521288167 -121.4090405 61
38.521362667 -121.409041 64
38.521435667 -121.409042333 50
38.5215065 -121.409043167 50
38.521576 -121.4090435 81
38.5216425 -121.409044667 58
38.521708667 -121.409045667 63
38.521773833 -121.409047 82
38.521836167 -121.409048167 63
38.5218975 -121.409049333 78
38.521957167 -121.409050167 53
38.522016 -121.409051167 68
38.522072333 -121.4090515 60
38.522125667 -121.409051833 65
38.5221755 -121.409050333 71
38.522214167 -121.409050167 61
38.522241833 -121.40905 46
38.522261167 -121.409050333 78
38.522275667 -121.4090505 46
38.522284 -121.409050167 71
38.522287167 -121.4090495 63
38.522289333 -121.40905 62
38.522295167 -121.409049 67
38.522303833 -121.409048 70
38.522313167 -121.409047833 54
38.522325167 -121.409048 55
38.522338167 -121.409048167 54
38.522351167 -121.409048667 86
38.522362833 -121.409048 64
38.522370667 -121.4090475 53
38.522375 -121.409046833 59
38.522376 -121.409046833 68
38.522377 -121.409046167 70
38.522377167 -121.409046 77
38.522377833 -121.409045833 68
38.5223785 -121.409046167 56
38.522379333 -121.409046 54
38.522379333 -121.409045667 61
38.522379833 -121.409045 84
38.522379667 -121.409044667 63
38.522381333 -121.409043833 78
38.522381167 -121.409042833 59
38.522382167 -121.409042167 64
38.522382833 -121.409041667 63
38.5223835 -121.409041 59
38.5223835 -121.409040333 63
38.522382667 -121.409040167 82
38.522383667 -121.4090395 57
38.522383833 -121.409038667 67
38.522384 -121.409037333 64
38.522383167 -121.409035833 67
38.522382667 -121.409035667 62
38.522382833 -121.409034833 66
38.522382667 -121.409034167 97
38.522382833 -121.409033833 57
38.522383333 -121.409033667 51
38.522383333 -121.409033333 55
38.5223825 -121.409033333 43
38.522382 -121.409033667 66
38.5223805 -121.409034 52
38.52238 -121.409033333 58
38.5223795 -121.409032833 72
38.522379333 -121.4090325 62
38.5223795 -121.409032167 57
38.522379833 -121.409031833 71
38.5223805 -121.409031333 58
38.522379333 -121.409031333 81
38.522379167 -121.409030833 62
38.522379 -121.409030333 57
38.5223795 -121.409028667 62
38.522378667 -121.4090285 79
38.522377833 -121.4090285 53
38.522376833 -121.409028167 68
38.5223765 -121.4090275 62
38.522376333 -121.409026833 73
38.522376333 -121.409026333 64
38.5223765 -121.409026167 66
38.522376333 -121.409025833 67
38.522376333 -121.409024667 54
38.5223765 -121.409024167 62
38.522376833 -121.409024 47
38.522376667 -121.409024 58
38.5223765 -121.409024167 64
38.522376333 -121.409024333 60
38.522376167 -121.409025 63
38.5223765 -121.409025333 71
38.522377 -121.409025833 66
38.5223765 -121.409026333 65
38.522377333 -121.409026 62
38.522378833 -121.409025167 59
38.5223785 -121.409026167 65
38.522378833 -121.409026667 49
38.522379333 -121.409027333 64
38.522379167 -121.409028333 68
38.5223795 -121.409029167 58
38.5223785 -121.409029 54
38.522377333 -121.409029667 61
38.522377 -121.409029833 63
38.5223775 -121.40903 63
38.522377667 -121.4090295 63
38.522378167 -121.409028167 61
38.522378333 -121.409027 55
38.522378 -121.409026667 64
38.522377667 -121.409026667 58
38.5223775 -121.4090265 58
38.522377167 -121.409027333 68
38.522378667 -121.409027 67
38.522378 -121.409026 65
38.522378 -121.409025667 69
38.522378333 -121.409025333 55
38.5223795 -121.409025333 55
38.522379333 -121.409025167 49
38.52238 -121.409025 62
38.522382 -121.409025167 52
38.522377333 -121.409023833 55
38.522375833 -121.409022833 60
38.522376167 -121.409022167 48
38.522377167 -121.409022333 67
38.522377667 -121.409022167 65
38.5223855 -121.409023167 78
38.522391 -121.409024167 63
38.522394333 -121.409024667 75
38.522394 -121.409024833 55
38.522395667 -121.4090255 74
38.522400833 -121.409026167 61
38.522402667 -121.409026333 48
38.522406 -121.4090265 89
38.522413167 -121.409027167 62
38.522434167 -121.409027833 66
38.522469667 -121.409028833 66
38.522511667 -121.409029667 64
38.522559 -121.4090305 58
38.522606333 -121.4090305 67
38.522668833 -121.409033 62
38.522732667 -121.409034667 63
38.522795667 -121.409035333 62
38.522860833 -121.409035667 62
38.522938 -121.409037833 72
38.5230255 -121.409040167 73
38.523115833 -121.409040167 70
38.5232055 -121.4090405 72
38.523292 -121.409042667 77
38.523381667 -121.409042667 86
38.523477833 -121.409041333 75
38.523579167 -121.4090385 67
38.523684167 -121.409036667 61
38.523788333 -121.409035833 68
38.523894333 -121.409032833 68
38.5239995 -121.409029833 69
38.524106333 -121.4090285 65
38.524211167 -121.409028 71
38.524304833 -121.409026667 81
38.524382667 -121.409023333 62
38.524458167 -121.4090225 57
38.524525667 -121.409022667 75
38.524586833 -121.409024 60
38.524638333 -121.409025 70
38.52468 -121.409026333 64
38.524714667 -121.409028333 70
38.524738833 -121.4090285 64
38.5247495 -121.409028833 68
38.524754833 -121.40903 60
38.524754 -121.4090305 71
38.524755333 -121.40903 65
38.524755 -121.4090305 50
38.5247565 -121.409031 80
38.524756667 -121.4090315 67
38.524759 -121.409032167 64
38.524759833 -121.409032167 75
38.524762 -121.4090325 58
38.524762833 -121.409033 55
38.5247635 -121.409033167 63
38.524765 -121.409034167 59
38.524768167 -121.409034667 59
38.524768833 -121.409035 52
38.524769833 -121.409035 57
38.524768667 -121.4090355 66
38.524768 -121.409036333 71
38.524767333 -121.409036333 60
38.524767833 -121.4090365 57
38.524768333 -121.4090365 59
38.524769667 -121.409036333 76
38.524771167 -121.409036833 79
38.524770833 -121.4090375 51
38.524770333 -121.409038833 62
38.52477 -121.4090395 81
38.524770833 -121.409040167 71
38.524770333 -121.409041167 65
38.524769 -121.409041667 56
38.524769667 -121.409042 73
38.524769333 -121.409042167 48
38.524769167 -121.409042333 57
38.5247695 -121.409043 57
38.524769833 -121.409043333 57
38.52477 -121.409044 80
38.524770833 -121.409044 58
38.524770333 -121.409044667 68
38.524770667 -121.409045167 62
38.524772333 -121.409045333 75
38.524772333 -121.409045 71
38.524772333 -121.409044333 66
38.5247715 -121.409043667 55
38.524771333 -121.409043667 78
38.524771333 -121.409043 62
38.524771833 -121.409043167 72
38.524771833 -121.409042833 40
38.524771833 -121.409042833 64
38.524771833 -121.409041833 63
38.524771333 -121.409041667 59
38.524771 -121.409041167 49
38.524770833 -121.409041333 67
38.524769 -121.4090415 57
38.524768667 -121.409040667 55
38.5247685 -121.409040667 67
38.524770167 -121.4090405 65
38.524771 -121.409039333 53
38.524771167 -121.409039 60
38.524771167 -121.409038667 57
38.524770167 -121.4090385 81
38.524768333 -121.409039167 61
38.524768 -121.409039 77
38.5247665 -121.4090395 66
38.524764833 -121.40904 55
38.524762833 -121.40904 55
38.524762167 -121.40904 57
38.52476 -121.409039833 64
38.524757833 -121.409039833 79
38.524756 -121.40904 70
38.524754333 -121.409040333 54
38.524753333 -121.409040167 57
38.524752167 -121.409040167 68
38.524749833 -121.409040167 61
38.524747667 -121.4090405 59
38.524745667 -121.4090405 72
38.524744 -121.409040667 71
38.5247415 -121.409040833 66
38.5247395 -121.409040833 63
38.524737333 -121.409040833 61
38.524736167 -121.409041 56
38.5247345 -121.409041333 70
38.524733167 -121.409041833 69
38.524731833 -121.409042167 71
38.524731833 -121.409042167 72
38.5247315 -121.409042167 58
38.524731 -121.409042667 49
38.5247305 -121.409042667 63
38.524729333 -121.4090425 72
38.524727 -121.409041833 51
38.524725333 -121.409041333 70
38.524725 -121.409041 61
38.524735833 -121.409041 61
38.5247695 -121.409041 65
38.524823667 -121.409040333 65
38.524892833 -121.4090395 69
38.524974 -121.409039 62
38.5250655 -121.409037833 46
38.525167833 -121.409036667 54
38.525280167 -121.409036333 62
38.525398833 -121.409036 70
38.5255245 -121.4090375 66
38.525657 -121.409041 60
38.525796833 -121.409046333 67
38.525941833 -121.409054 64
38.526094667 -121.409065167 59
38.526250167 -121.4090765 69
38.526409333 -121.409086167 57
38.5265705 -121.409091333 53
38.526737667 -121.409094667 63
38.5269095 -121.409098 51
38.527085167 -121.409101 45
38.527266 -121.4091045 61
38.527450667 -121.409109 54
38.527635833 -121.409112833 56
38.527824833 -121.409115 58
38.528014333 -121.409115667 62
38.528206 -121.409116667 64
38.528397333 -121.409118333 68
38.528587333 -121.40912 70
38.528775 -121.409121667 66
38.528961 -121.409122 68
38.529142667 -121.409122667 83
38.529324167 -121.409121833 72
38.529504 -121.409121333 52
38.5296815 -121.409122833 69
38.529855333 -121.409124667 59
38.530027333 -121.409126167 59
38.530199333 -121.409126833 61
38.530374 -121.409126667 67
38.5305455 -121.409127667 60
38.5307185 -121.409128167 66
38.530895 -121.409128167 61
38.531073167 -121.409129667 48
38.531254 -121.409131333 52
38.531436833 -121.4091325 65
38.531620667 -121.409133333 60
38.531806167 -121.409134667 58
38.531991333 -121.409135167 66
38.5321715 -121.409135333 61
38.532348167 -121.4091345 66
38.532528 -121.409133833 66
38.532707 -121.409134833 66
38.532886833 -121.409134833 73
38.5330685 -121.409133167 59
38.533249833 -121.409131333 71
38.533428333 -121.409130833 72
38.533609333 -121.409129167 64
38.533788 -121.4091285 77
38.533966667 -121.409127833 61
38.534145667 -121.4091275 66
38.534323333 -121.4091265 67
38.5345005 -121.409124333 56
38.534674833 -121.409125 63
38.534846 -121.409125333 59
38.535014833 -121.4091245 52
38.535179 -121.409124667 85
38.535339833 -121.409124667 63
38.535497 -121.409125 59
38.535652833 -121.409125 61
38.535806833 -121.409124333 68
38.535957833 -121.409123333 62
38.536107167 -121.409122333 65
38.536253 -121.409120333 56
38.536396167 -121.409119667 68
38.5365345 -121.409119167 67
38.536668667 -121.409116833 71
38.536796 -121.409115 77
38.536908833 -121.409112667 73
38.537015333 -121.409108 51
38.537115333 -121.409104 70
38.537208333 -121.409101833 67
38.537293333 -121.4091 65
38.537376667 -121.409097333 63
38.537462167 -121.409094167 54
38.537551667 -121.409091667 68
38.537648833 -121.4090895 64
38.537755 -121.4090905 64
38.537865 -121.409090667 57
38.537978833 -121.409091 67
38.5380985 -121.409091 61
38.538224333 -121.409090667 60
38.538356167 -121.409087333 62
38.538493833 -121.4090785 73
38.5386395 -121.409062333 56
38.538796167 -121.409043167 57
38.538957833 -121.409024167 71
38.539124 -121.409008833 71
38.539291833 -121.408998 59
38.539459833 -121.408989 69
38.539628333 -121.408983 63
38.539798333 -121.408977333 66
38.539967167 -121.408973333 67
38.540131167 -121.408969667 57
38.540292167 -121.408964667 51
38.540448 -121.408960667 69
38.5406015 -121.408952667 55
38.540750333 -121.4089425 68
38.5408935 -121.408931 45
38.541022333 -121.408920333 57
38.5411335 -121.408911667 63
38.541230833 -121.4089035 51
38.5413155 -121.408895 65
38.541389333 -121.408888333 63
38.541453167 -121.408883 64
38.541510167 -121.408878667 74
38.541562667 -121.408875667 50
38.541606667 -121.408872667 76
38.541642833 -121.408870333 61
38.541667 -121.408869333 52
38.541680333 -121.408870333 61
38.541687167 -121.408866333 65
38.541687167 -121.408863 56
38.5416915 -121.408864167 66
38.5417055 -121.408862333 49
38.541736833 -121.408858833 69
38.5417745 -121.4088585 57
38.541821 -121.408856 47
38.5418745 -121.408855167 67
38.541933167 -121.408858167 75
38.541994667 -121.408857167 52
38.542053667 -121.408857 53
38.542112333 -121.408856 50
38.542176167 -121.408854667 66
38.542247833 -121.408852833 82
38.542324167 -121.408850833 76
38.5424015 -121.408848333 61
38.542476 -121.408847167 63
38.542550167 -121.408846167 63
38.542628167 -121.4088465 80
38.542713667 -121.408847 73
38.5428085 -121.408850167 78
38.5429095 -121.408858 75
38.543015833 -121.408865667 56
38.543126167 -121.4088695 53
38.5432325 -121.408869167 59
38.543334 -121.4088685 58
38.543430167 -121.408868333 64
38.543523333 -121.408865667 65
38.543609 -121.408865833 56
38.543688833 -121.408865 59
38.543760667 -121.408866 52
38.543828167 -121.408867167 62
38.543894167 -121.408866667 64
38.5439535 -121.408866 70
38.544004 -121.408867 58
38.544044167 -121.408865333 67
38.544071167 -121.408866167 65
38.544088833 -121.4088685 84
38.5441025 -121.408865167 66
38.544116333 -121.408864 58
38.5441285 -121.408863333 57
38.544142167 -121.408862 63
38.5441565 -121.408858667 70
38.544167 -121.408857833 63
38.544174333 -121.4088575 62
38.544178 -121.408857667 59
38.5441775 -121.408857167 61
38.544181167 -121.408855667 55
38.5441845 -121.408856 59
38.544192333 -121.4088545 59
38.544196667 -121.408854167 51
38.544202167 -121.408854333 68
38.544218667 -121.408854 76
38.544252667 -121.408851667 56
38.5443025 -121.4088495 63
38.5443565 -121.4088475 64
38.544418833 -121.408845833 58
38.544492167 -121.408844167 70
38.544573167 -121.408841333 68
38.544660333 -121.408836833 62
38.5447535 -121.408832833 49
38.544853333 -121.408830667 77
38.544965667 -121.408828 70
38.54509 -121.408819667 65
38.545222167 -121.4088085 60
38.545358667 -121.408801333 66
38.545499167 -121.408802167 50
38.545644333 -121.408809 48
38.545793833 -121.408819667 61
38.545945833 -121.408832167 53
38.546099 -121.408846333 59
38.546244167 -121.408859333 53
38.546386167 -121.408866833 60
38.54652 -121.408873667 75
38.5466425 -121.4088785 53
38.546747833 -121.4088825 70
38.546836667 -121.408886333 56
38.546910667 -121.408889667 46
38.546972167 -121.408893167 69
38.547024167 -121.408893167 55
38.547063333 -121.408898167 62
38.547092667 -121.408902833 67
38.547114167 -121.408906833 48
38.5471265 -121.408909167 47
38.547129833 -121.408910667 85
38.547130333 -121.408912 53
38.547130167 -121.408913333 69
38.5471295 -121.4089145 56
38.547129333 -121.4089155 52
38.547129333 -121.408916333 71
38.547129167 -121.408916833 69
38.547128167 -121.408918 50
38.547127667 -121.408918333 64
38.547127667 -121.408918333 46
38.547127833 -121.408917833 68
38.547128333 -121.408917333 63
38.547128333 -121.408917167 54
38.547127333 -121.408917333 66
38.547128 -121.408917833 68
38.5471275 -121.408918167 68
38.547129167 -121.408918333 55
38.5471355 -121.408921333 54
38.547141667 -121.408923667 64
38.547143333 -121.408926833 67
38.547143167 -121.408927833 62
38.547141 -121.408927833 49
38.547139833 -121.408927667 54
38.547139667 -121.408927167 81
38.5471375 -121.408926833 66
38.547135167 -121.408925333 52
38.547132333 -121.408924 57
38.547129167 -121.408924833 52
38.547128 -121.408924 80
38.5471275 -121.408923167 60
38.547127333 -121.408922667 52
38.547127167 -121.408921667 71
38.547127333 -121.408920667 57
38.547126833 -121.4089205 53
38.5471275 -121.408919333 60
38.547128 -121.408919667 51
38.547133833 -121.408919667 60
38.547145167 -121.408919667 52
38.547164 -121.408920333 67
38.547190333 -121.4089205 58
38.547224833 -121.4089205 66
38.54727 -121.408919833 49
38.5473215 -121.408918667 55
38.547370667 -121.408922167 54
38.547413 -121.4089335 57
38.547458833 -121.408929 70
38.547487167 -121.408938833 56
38.547526667 -121.408937333 57
38.547583833 -121.408932333 58
38.547657167 -121.408930833 71
38.547733833 -121.408928 51
38.547818 -121.408929333 49
38.547910833 -121.408927333 63
38.548010667 -121.408926 52
38.548114167 -121.408923333 70
38.548217167 -121.4089185 68
38.5483215 -121.408916833 60
38.548421833 -121.408919667 56
38.548522667 -121.408923333 57
38.548616 -121.408928833 61
38.548700167 -121.408936833 68
38.548774833 -121.408943833 54
38.5488425 -121.4089505 39
38.5488975 -121.4089565 51
38.548938667 -121.408961333 62
38.5489655 -121.408963833 74
38.548980167 -121.408965 65
38.548989667 -121.408967 58
38.5489955 -121.408968167 64
38.548996 -121.4089675 46
38.548995167 -121.4089675 59
38.548994667 -121.408966833 59
38.548997333 -121.408967 67
38.549000667 -121.408966833 59
38.5490045 -121.408966667 52
38.5490085 -121.408966167 64
38.549012 -121.408966167 62
38.549015 -121.4089675 51
38.5490175 -121.4089695 63
38.549019667 -121.408971 59
38.549022167 -121.408972167 69
38.549025 -121.408972833 56
38.549027167 -121.408972167 59
38.549028333 -121.408972167 54
38.549030167 -121.408973 69
38.549031167 -121.408973 60
38.549031667 -121.408973167 50
38.549032667 -121.408973 51
38.549033167 -121.408973667 59
38.549032833 -121.408974 51
38.549034 -121.408973167 59
38.549034167 -121.408972 62
38.549033833 -121.408971 56
38.549034833 -121.408971167 64
38.549036333 -121.408971 58
38.549037 -121.408971333 64
38.549037 -121.4089715 55
38.549037 -121.408971833 64
38.549037833 -121.408971167 73
38.549039333 -121.4089705 68
38.549040333 -121.408970333 51
38.549041167 -121.408970167 77
38.549042333 -121.4089695 55
38.549044167 -121.4089695 57
38.549045167 -121.408969167 46
38.549045 -121.408969 51
38.549045333 -121.408969667 61
38.549045 -121.408969667 53
38.549043833 -121.408969667 66
38.549043 -121.408969 65
38.549042 -121.408968667 56
38.549041667 -121.408968667 61
38.5490415 -121.408968833 61
38.54904 -121.408968 61
38.54904 -121.4089675 58
38.549041667 -121.408968 56
38.549041667 -121.4089675 65
38.549042667 -121.408966833 55
38.549043 -121.4089665 66
38.549044 -121.408966667 60
38.549045 -121.4089665 52
38.549047 -121.408966833 53
38.5490475 -121.408967 42
38.5490475 -121.408967 63
38.549047667 -121.408967333 65
38.549048167 -121.408967667 73
38.549048667 -121.408968167 51
38.549049167 -121.408968333 65
38.549049333 -121.408968167 57
38.549051167 -121.408968333 65
38.5490525 -121.4089685 65
38.549054 -121.408968 49
38.549055333 -121.408968667 62
38.549055667 -121.408967 65
38.5490575 -121.4089665 58
38.5490585 -121.408965667 65
38.5490595 -121.408965667 59
38.549061833 -121.408966333 62
38.5490625 -121.408967 67
38.549063333 -121.408967667 64
38.5490615 -121.4089685 47
38.549063333 -121.408969167 55
38.549063167 -121.408969 71
38.549065667 -121.408969667 55
38.549067 -121.4089705 74
38.5490685 -121.408971 60
38.5490675 -121.408971167 48
38.549066167 -121.408969667 55
38.549066333 -121.4089695 82
38.549066333 -121.408969333 61
38.549065833 -121.408969167 73
38.5490645 -121.408970167 65
38.549064 -121.4089695 48
38.549063667 -121.408969 63
38.549062667 -121.408969333 63
38.549062333 -121.408969 55
38.549061667 -121.408969333 60
38.5490625 -121.408968833 69
38.549063333 -121.408968667 56
38.5490635 -121.408969 48
38.549063167 -121.408969333 49
38.549062167 -121.408969167 68
38.549060667 -121.408969333 75
38.549060667 -121.408969667 48
38.549060167 -121.408970167 70
38.549059333 -121.408971333 60
38.549058667 -121.408970833 66
38.549058667 -121.408970667 69
38.5490595 -121.408970667 53
38.5490605 -121.408970833 66
38.549067833 -121.408972 61
38.549098167 -121.408978167 64
38.549142167 -121.408983333 58
38.549203833 -121.4089915 65
38.549275 -121.409001 70
38.54936 -121.409011167 65
38.549457333 -121.409023833 65
38.5495675 -121.409038667 69
38.549688167 -121.4090545 59
38.549816 -121.4090705 64
38.549952667 -121.409087667 54
38.550094333 -121.4091045 66
38.550240333 -121.409123333 59
38.550394 -121.409140667 65
38.550550833 -121.4091545 59
38.550710667 -121.409165 71
38.550871333 -121.409169 69
38.5510295 -121.409169167 64
38.5511855 -121.4091655 57
38.551333333 -121.409161333 60
38.551474 -121.409154 59
38.551602833 -121.4091365 65
38.5517265 -121.4090975 55
38.551841333 -121.4090315 84
38.551940833 -121.408937833 60
38.552029167 -121.408817333 70
38.552114833 -121.4086745 65
38.5522 -121.408520167 57
38.552288167 -121.408355333 48
38.552378167 -121.408185667 57
38.552476167 -121.408014167 66
38.552585833 -121.4078505 63
38.552709167 -121.407701833 68
38.552841833 -121.407572167 64
38.552978333 -121.4074625 59
38.553110667 -121.407371333 56
38.553235 -121.407292333 54
38.5533505 -121.407221333 52
38.553450667 -121.407158167 86
38.553528167 -121.407099667 62
38.553588333 -121.407050333 62
38.553624667 -121.407020167 68
38.553640667 -121.407007167 65
38.553647833 -121.4070015 67
38.553659333 -121.4069915 67
38.55367 -121.406982333 62
38.553675667 -121.406976667 68
38.553677667 -121.4069755 48
38.553680167 -121.406973667 65
38.553690333 -121.406963333 55
38.553709 -121.406943667 69
38.553726 -121.406926333 79
38.553729833 -121.406916167 57
38.553728 -121.406914167 41
38.553726833 -121.406912333 55
38.553733 -121.406904 59
38.553751167 -121.4068745 62
38.553784667 -121.406826667 68
38.553826 -121.406758167 62
38.553875 -121.4066695 63
38.553923 -121.406559333 50
38.553974 -121.406431833 56
38.554025833 -121.406284167 55
38.554078667 -121.406119833 61
38.5541345 -121.405938 62
38.554196167 -121.4057385 48
38.554261 -121.405526833 69
38.554326167 -121.405303333 64
38.554395 -121.405064667 72
38.554460833 -121.404815667 64
38.554524333 -121.404559167 52
38.5545915 -121.4042915 62
38.554661 -121.404016833 53
38.554732667 -121.403740833 47
38.5548 -121.4034715 53
38.554871 -121.403196333 79
38.554939667 -121.402920167 65
38.5550075 -121.4026385 49
38.555075667 -121.4023555 67
38.555146 -121.4020655 55
38.555223833 -121.401768333 60
38.5553065 -121.401465667 58
38.555386333 -121.401163167 72
38.555461 -121.400861167 75
38.555533 -121.400558667 48
38.555600833 -121.400257833 75
38.555671667 -121.399956 65
38.5557415 -121.399657 60
38.555809833 -121.399355 66
38.555877667 -121.3990495 62
38.555942167 -121.398745 82
38.556012167 -121.398438167 59
38.556084167 -121.3981335 54
38.556153167 -121.397826167 67
38.556227667 -121.397512167 63
38.5563005 -121.397195 78
38.556373 -121.396873 58
38.556447667 -121.3965525 59
38.556518167 -121.396230667 80
38.556590333 -121.395910167 62
38.556659167 -121.395592833 59
38.556722 -121.395278167 55
38.556783667 -121.394966333 60
38.556846 -121.394654333 64
38.556911167 -121.394338667 60
38.556979833 -121.394019 65
38.557046833 -121.3937015 59
38.557099333 -121.393382167 55
38.557150833 -121.393058667 47
38.557195667 -121.392733667 75
38.557244 -121.392406833 46
38.5572905 -121.392075 79
38.557331333 -121.391741667 76
38.557369667 -121.391410167 51
38.557404333 -121.391078 52
38.557436333 -121.3907465 62
38.557468667 -121.390415667 68
38.557506667 -121.390087667 48
38.557540333 -121.389758167 52
38.557574667 -121.389426667 83
38.557609 -121.389091667 69
38.557641667 -121.388755333 74
38.557677333 -121.388419333 56
38.557712167 -121.388082333 59
38.557746167 -121.387744167 51
38.557779667 -121.387405167 41
38.557813833 -121.387065833 64
38.557848 -121.386726167 69
38.557882167 -121.386385667 60
38.5579175 -121.386043167 52
38.557955333 -121.385698667 52
38.5579915 -121.385351667 69
38.558027 -121.385003167 65
38.558062 -121.384655833 60
38.558097167 -121.384309 66
38.558132 -121.383962667 58
38.558167167 -121.383617333 43
38.5582025 -121.3832715 76
38.558238167 -121.382923167 63
38.558275333 -121.382573667 59
38.558312167 -121.3822245 56
38.5583465 -121.381879 58
38.558381333 -121.381537833 69
38.558412833 -121.381201333 71
38.558446833 -121.38087 51
38.558481167 -121.380545167 50
38.558515667 -121.380224 69
38.55855 -121.379904 63
38.558582667 -121.379584833 51
38.558615333 -121.379277667 59
38.558657667 -121.378963833 70
38.558696 -121.378641333 61
38.558736833 -121.378308667 59
38.558775 -121.377977 59
38.558814 -121.377647333 67
38.558851833 -121.377316167 48
38.558888167 -121.376982667 48
38.558922667 -121.376648833 65
38.558957167 -121.376314833 71
38.558993167 -121.375978333 63
38.559025167 -121.375637833 49
38.5590605 -121.3752965 61
38.559096833 -121.3749525 56
38.559133833 -121.374604833 66
38.559171667 -121.374253833 55
38.559210667 -121.3739015 56
38.5592485 -121.373549167 60
38.5592855 -121.3731975 78
38.559324167 -121.3728445 61
38.559361833 -121.372492167 59
38.559400333 -121.372135 58
38.559436833 -121.371775833 75
38.559476667 -121.371414 55
38.559514333 -121.371051167 73
38.559552833 -121.370688167 55
38.559592167 -121.370324833 77
38.559632333 -121.369961667 68
38.559671167 -121.369598 60
38.5597095 -121.369232 67
38.559747833 -121.368865333 68
38.559785333 -121.368497667 65
38.559822833 -121.368129833 42
38.559861 -121.367761833 66
38.559899167 -121.367392833 59
38.559942 -121.367024833 63
38.559982 -121.366657833 70
38.560019333 -121.366291167 49
38.560055667 -121.365925333 79
38.560092667 -121.365563833 57
38.560131667 -121.365206667 62
38.560166833 -121.364851833 48
38.560202833 -121.364501333 64
38.560237167 -121.364153667 62
38.5602725 -121.363808833 65
38.560308167 -121.3634665 69
38.560344833 -121.363125833 58
38.5603805 -121.362784167 52
38.560418 -121.362441333 53
38.5604525 -121.362096667 59
38.560488667 -121.361750833 64
38.5605245 -121.361403333 52
38.560559833 -121.361053833 66
38.560594167 -121.360701333 55
38.560629 -121.360348 57
38.5606645 -121.359993833 68
38.560701833 -121.359639833 54
38.5607385 -121.359283667 57
38.560776167 -121.358924833 58
38.560812667 -121.358563 67
38.560851167 -121.358198167 55
38.5608905 -121.3578295 65
38.560928333 -121.357457667 53
38.5609675 -121.357084667 45
38.561006333 -121.356708833 54
38.5610455 -121.356330833 52
38.561085333 -121.355953333 70
38.5611255 -121.3555745 61
38.561165333 -121.3551965 62
38.561204833 -121.354819667 72
38.5612445 -121.354443833 46
38.561284167 -121.3540705 54
38.561323167 -121.3536985 67
38.561361667 -121.353329167 58
38.561400167 -121.352962833 64
38.561438333 -121.3525985 59
38.561476833 -121.352235 55
38.561515333 -121.351872333 56
38.561554 -121.351509167 65
38.561591667 -121.351144333 45
38.561631167 -121.350779 70
38.5616705 -121.3504145 72
38.561709667 -121.350048833 64
38.561747833 -121.349682667 57
38.561784167 -121.349319167 78
38.5618215 -121.348955 60
38.5618595 -121.348592 66
38.561898167 -121.348227667 54
38.561937167 -121.3478615 59
38.561975833 -121.3474945 71
38.562017 -121.347126333 85
38.562061833 -121.346758833 50
38.562107833 -121.346393 47
38.562160167 -121.346029 60
38.562219333 -121.345669167 67
38.562282 -121.345309 57
38.562353 -121.3449485 51
38.5624305 -121.344586833 52
38.562514 -121.344224 76
38.562603167 -121.343864667 57
38.562700667 -121.3435015 61
38.562803833 -121.3431415 52
38.562912167 -121.3427845 63
38.563027833 -121.3424295 66
38.563146667 -121.3420785 42
38.5632725 -121.341729833 64
38.563401833 -121.341387167 60
38.5635365 -121.3410485 51
38.563679667 -121.340717167 59
38.563827167 -121.340394333 65
38.5639785 -121.340078 72
38.564129667 -121.339764667 50
38.564281167 -121.339452 38
38.564433667 -121.339139167 46
38.564586167 -121.338826 68
38.5647395 -121.3385125 62
38.564895167 -121.338197833 63
38.565051667 -121.337882167 64
38.565207833 -121.337565833 67
38.565363333 -121.337249833 54
38.565518333 -121.336932833 69
38.565672 -121.336616167 71
38.5658245 -121.336294667 59
38.5659805 -121.335983333 57
38.566134833 -121.33567 75
38.566288333 -121.335357667 59
38.566440333 -121.335046667 63
38.566592 -121.334739 68
38.566741333 -121.334433167 56
38.566892333 -121.334127 61
38.567042167 -121.3338205 69
38.567194 -121.3335165 43
38.5673425 -121.333216 55
38.567487167 -121.332919 55
38.5676315 -121.332628167 51
38.567774167 -121.332338 66
38.567919833 -121.332045833 52
38.568066167 -121.331749833 52
38.568218833 -121.331450333 59
38.568375333 -121.331145667 54
38.568527333 -121.330841 58
38.568678333 -121.330537333 53
38.568830167 -121.330229167 71
38.568979167 -121.329917333 63
38.569129167 -121.329605333 63
38.5692795 -121.329295167 63
38.5694265 -121.328989333 64
38.569572167 -121.328686 63
38.569718833 -121.328382333 74
38.5698645 -121.328076833 50
38.570011167 -121.327769833 60
38.570158667 -121.327462333 58
38.570307333 -121.327155333 66
38.570455 -121.326847833 63
38.570604667 -121.326543 57
38.570754333 -121.326240833 51
38.5709055 -121.3259375 56
38.571055667 -121.325629333 64
38.5712055 -121.325318667 61
38.571354333 -121.325006167 61
38.571500167 -121.324691333 51
38.571639667 -121.3243765 66
38.5717755 -121.324059667 63
38.571910833 -121.323745667 64
38.5720445 -121.32343 49
38.572176667 -121.323112667 49
38.572308 -121.322792 58
38.572439167 -121.322472333 50
38.572570667 -121.322155167 46
38.572701167 -121.321839833 52
38.572830833 -121.3215235 58
38.572958333 -121.321205667 55
38.573086667 -121.320885833 57
38.5732175 -121.320563 55
38.57335 -121.320236833 69
38.573482167 -121.3199075 45
38.573615833 -121.3195775 49
38.573749 -121.319244667 75
38.573883 -121.318912833 54
38.5740185 -121.318581833 69
38.574154 -121.3182475 55
38.5742885 -121.317910833 62
38.574423167 -121.317573667 57
38.574558 -121.317231 61
38.5746955 -121.3168865 44
38.5748315 -121.316543167 64
38.574966167 -121.316201 61
38.5751015 -121.315863 67
38.575236167 -121.315527 49
38.575370833 -121.3151905 65
38.575504167 -121.314855 69
38.575637667 -121.314521833 52
38.5757705 -121.314190667 59
38.575902 -121.313861167 63
38.5760325 -121.3135345 65
38.576164667 -121.313206833 52
38.576299667 -121.3128755 53
38.5764375 -121.312540833 51
38.576576833 -121.312203333 64
38.576713333 -121.311863333 75
38.576847333 -121.3115215 53
38.576982667 -121.311180333 61
38.577118333 -121.310840667 64
38.577256833 -121.310502667 62
38.577399 -121.310167667 61
38.577544167 -121.309835833 68
38.577694833 -121.309506667 66
38.577848 -121.309181 51
38.5780025 -121.3088595 70
38.578158833 -121.308542667 48
38.578319167 -121.30823 71
38.578488 -121.307916 57
38.578655833 -121.307610667 53
38.578829667 -121.307308333 67
38.579005 -121.307008333 61
38.579183167 -121.30671 52
38.579365333 -121.306414167 50
38.579547167 -121.306117 69
38.579728333 -121.305820167 66
38.5799095 -121.305522333 60
38.580091667 -121.3052255 67
38.5802725 -121.3049295 62
38.5804525 -121.304635 64
38.580630167 -121.304339833 63
38.580807667 -121.3040485 69
38.580984333 -121.303756667 58
38.581160833 -121.303464167 71
38.581337 -121.303169833 56
38.581521167 -121.302878833 61
38.581700667 -121.302583333 58
38.581880333 -121.302284 63
38.582066167 -121.301983333 63
38.582248667 -121.301682167 53
38.582430667 -121.301378167 66
38.582614333 -121.301072667 70
38.582799833 -121.300767333 62
38.582985333 -121.300459167 59
38.583170667 -121.300149 64
38.5833575 -121.299837 69
38.583543833 -121.299520667 55
38.5837335 -121.299206167 48
38.583923667 -121.298889 71
38.584115667 -121.298569833 71
38.584308833 -121.298250333 49
38.584502167 -121.297931833 63
38.584694333 -121.2976135 61
38.584886 -121.297297167 58
38.5850785 -121.296978667 56
38.585270167 -121.29666 46
38.5854615 -121.296343333 61
38.585650833 -121.296026333 60
38.585841833 -121.2957085 57
38.586033333 -121.295389167 47
38.5862255 -121.2950695 66
38.586417833 -121.294750833 66
38.586612167 -121.294432 54
38.586804167 -121.294108833 65
38.586997667 -121.293787667 58
38.587190667 -121.293465667 52
38.587383 -121.293147833 73
38.587573 -121.292835167 48
38.587759 -121.292526333 60
38.587943667 -121.292220167 74
38.5881275 -121.291916 48
38.588311667 -121.291612333 48
38.588495667 -121.291308667 57
38.588679833 -121.2910045 76
38.5888635 -121.2907 66
38.589047333 -121.290395833 57
38.589231 -121.290093 67
38.589411333 -121.2897945 75
38.5895915 -121.2894915 55
38.589771167 -121.2891915 58
38.589948167 -121.288896333 47
38.590122333 -121.288605833 61
38.590295833 -121.2883155 59
38.590471 -121.2880235 55
38.590646667 -121.287730667 57
38.590823167 -121.287442 65
38.591005667 -121.287152333 51
38.591178667 -121.286861 57
38.591354833 -121.286572667 47
38.5915305 -121.286283167 66
38.591707333 -121.285994667 63
38.591884333 -121.285703667 78
38.592060833 -121.285412667 42
38.592237667 -121.285121333 79
38.592414667 -121.2848285 67
38.5925915 -121.284535167 65
38.592768333 -121.284240333 58
38.592947833 -121.2839455 52
38.593127333 -121.2836505 73
38.593305 -121.283354167 68
38.5934825 -121.283057167 55
38.593659 -121.282758167 76
38.5938355 -121.282459667 73
38.594013833 -121.282166 53
38.5941945 -121.281872833 78
38.594377667 -121.281579167 52
38.5945685 -121.2812905 59
38.594767167 -121.281009 53
38.594972833 -121.280732333 56
38.595186 -121.280468 78
38.595403333 -121.2802115 62
38.595624833 -121.279962 54
38.595851333 -121.279721167 51
38.596086 -121.279492167 47
38.596324667 -121.279272667 59
38.596564833 -121.279061667 65
38.596816667 -121.2788605 62
38.597072167 -121.278667333 77
38.597337 -121.2784845 61
38.597606 -121.278310333 56
38.597876167 -121.278145333 59
38.598150667 -121.2779935 68
38.598425833 -121.277846333 63
38.598705 -121.277712833 46
38.598985667 -121.277590667 53
38.599275333 -121.277481833 43
38.599566 -121.277382 53
38.599858667 -121.277294 53
38.600153 -121.277213333 62
38.600445667 -121.277134333 70
38.600737 -121.277054667 59
38.601026167 -121.276977 64
38.6013125 -121.2768995 58
38.601594333 -121.276822 59
38.601871333 -121.2767455 55
38.602142667 -121.27667 71
38.602412167 -121.276595167 59
38.602683 -121.276519167 66
38.602956 -121.276444 63
38.603231333 -121.276368333 69
38.603506667 -121.276290833 46
38.603781167 -121.276206 49
38.604052167 -121.276108833 57
38.6043215 -121.275996333 56
38.604591833 -121.275873 58
38.604860333 -121.275737167 77
38.6051235 -121.275586167 83
38.6053825 -121.2754205 51
38.605639 -121.275242833 63
38.605889833 -121.275053667 47
38.606134667 -121.274852667 53
38.606374333 -121.274641 65
38.606606667 -121.274416167 66
38.60683 -121.27418 63
38.607043167 -121.273932333 53
38.607250167 -121.273676833 60
38.607449 -121.273411 66
38.60764 -121.273136167 59
38.607820833 -121.272853 62
38.607992167 -121.272562667 69
38.608154333 -121.272266333 45
38.608304667 -121.271966 54
38.608442667 -121.271663667 60
38.608572833 -121.271361667 65
38.608696 -121.2710585 53
38.6088135 -121.270758 51
38.608921833 -121.270453333 51
38.609029833 -121.270153 66
38.609140667 -121.269858833 61
38.609249667 -121.269565667 62
38.609361 -121.2692725 51
38.609472667 -121.268980167 61
38.6095805 -121.2686905 56
38.609686833 -121.268406167 52
38.609791667 -121.2681255 62
38.609894 -121.267850167 61
38.609994333 -121.267578833 69
38.610096 -121.267309167 65
38.610198 -121.267039 60
38.610300333 -121.266765667 61
38.610401333 -121.266488667 64
38.6105035 -121.266208167 58
38.6106075 -121.265924667 59
38.610713 -121.265640833 64
38.610819167 -121.265355 69
38.610925833 -121.265067667 51
38.611034 -121.2647785 69
38.611145333 -121.2644875 66
38.611258167 -121.264192167 59
38.611370333 -121.263892833 78
38.6114815 -121.263593167 61
38.611593 -121.2632955 60
38.611703667 -121.2630015 54
38.611815333 -121.262705333 50
38.6119275 -121.262408833 63
38.612041167 -121.262110333 61
38.612155333 -121.2618085 54
38.61227 -121.2615035 55
38.612386167 -121.261195667 66
38.612503167 -121.260885333 65
38.61262 -121.260575667 48
38.612736667 -121.2602645 58
38.612854667 -121.259951333 50
38.612973167 -121.2596385 61
38.613091167 -121.259329167 66
38.613208 -121.259023167 59
38.613322333 -121.25872 75
38.613438667 -121.258415333 48
38.613554167 -121.258110833 49
38.613668 -121.2578065 72
38.613783167 -121.257502 54
38.613899667 -121.257197 65
38.614016 -121.256892 73
38.614132167 -121.256584333 75
38.614249833 -121.256276 51
38.614368833 -121.255965 49
38.614489 -121.255652667 73
38.614607 -121.2553385 55
38.614726 -121.255022333 67
38.614845667 -121.254706 61
38.614965167 -121.25439 58
38.615084 -121.254074333 74
38.615202833 -121.253758 54
38.6153235 -121.253440667 67
38.615443667 -121.253122333 66
38.615561 -121.252804833 60
38.615680167 -121.252487333 61
38.615800833 -121.2521685 62
38.615918833 -121.251851 71
38.616038833 -121.251532 61
38.6161595 -121.251212333 52
38.616281 -121.2508915 50
38.616403167 -121.250568 48
38.616525833 -121.250242667 56
38.616650333 -121.249912833 51
38.616775667 -121.249579333 63
38.6169025 -121.249244 69
38.617030667 -121.248906167 55
38.617159 -121.248567833 50
38.617286833 -121.248231167 56
38.6174135 -121.247896167 43
38.6175395 -121.247562 76
38.617664333 -121.2472295 63
38.617788 -121.246895833 48
38.617914 -121.246561167 53
38.618040667 -121.246224667 55
38.618168333 -121.245887833 69
38.618294333 -121.245549333 78
38.618421667 -121.2452115 66
38.618546667 -121.244876667 63
38.618670833 -121.244544833 57
38.618795667 -121.244213833 46
38.6189215 -121.243884833 58
38.619047833 -121.243558333 60
38.619173833 -121.243229333 70
38.619302 -121.242899167 45
38.619429667 -121.242566167 64
38.619558833 -121.242229167 54
38.619688333 -121.2418895 55
38.619819333 -121.241547667 62
38.619951 -121.241202 53
38.620081 -121.240853 52
38.620215667 -121.240502 58
38.620349167 -121.240146667 58
38.620485167 -121.239789667 68
38.62062 -121.239431333 69
38.620756333 -121.239073167 56
38.620892667 -121.238714333 56
38.621028 -121.238354833 61
38.6211575 -121.237994333 60
38.621293 -121.237633833 60
38.6214285 -121.237275167 66
38.6215625 -121.236918167 69
38.621697 -121.236562167 65
38.621829667 -121.236205667 42
38.621963 -121.235847833 51
38.622098667 -121.235488833 47
38.622234667 -121.235130667 57
38.622369333 -121.234775167 49
38.622502667 -121.234421333 70
38.622633667 -121.234071 60
38.622765167 -121.233722667 58
38.622896167 -121.2333755 54
38.623025833 -121.233031167 57
38.623151667 -121.2326895 81
38.623277667 -121.232353333 66
38.623402167 -121.232019333 73
38.623528 -121.231687333 59
38.623653667 -121.231355333 57
38.623779667 -121.231023 54
38.623903667 -121.230689833 59
38.624030833 -121.230357 56
38.624160167 -121.230021667 50
38.624287667 -121.229684667 53
38.624415833 -121.229348 49
38.6245445 -121.2290145 59
38.624676167 -121.228685333 68
38.624812333 -121.2283615 60
38.6249495 -121.228042 46
38.625094 -121.2277255 55
38.625248333 -121.227414667 47
38.6254065 -121.227109667 73
38.625567333 -121.226808667 57
38.625726667 -121.226509167 49
38.625886667 -121.22621 58
38.626045667 -121.225912167 53
38.626207 -121.225613167 67
38.6263685 -121.2253105 53
38.626532167 -121.225003333 55
38.626697667 -121.224691833 57
38.626865167 -121.224377333 62
38.627031833 -121.224061667 52
38.627201167 -121.223744167 51
38.6273735 -121.2234225 41
38.6275455 -121.223098667 49
38.627716333 -121.222775667 54
38.627892667 -121.222452167 60
38.628066667 -121.222128167 61
38.628242 -121.221801833 50
38.628416167 -121.221474667 61
38.6285885 -121.2211455 45
38.628764 -121.220817 62
38.628940833 -121.22049 58
38.629114 -121.220164167 47
38.6292855 -121.219841167 54
38.629457667 -121.219519 57
38.629627833 -121.219197833 48
38.629798167 -121.2188775 46
38.629968 -121.218559 54
38.630137167 -121.2182435 65
38.630306167 -121.217930833 62
38.630473 -121.2176205 58
38.630638167 -121.217311833 66
38.630798167 -121.2170065 75
38.630961167 -121.2167005 54
38.631126 -121.216393833 52
38.631290167 -121.216088 55
38.631452667 -121.215782333 62
38.631615 -121.215475167 57
38.631777167 -121.215166333 69
38.63194 -121.2148565 62
38.6321025 -121.214547 62
38.632264333 -121.2142385 61
38.6324255 -121.213929667 53
38.6325875 -121.213620667 69
38.632749333 -121.213310833 42
38.632911167 -121.213000833 57
38.633074167 -121.212692667 70
38.633235667 -121.212384 62
38.633395833 -121.212076667 60
38.633555833 -121.211773167 62
38.6337165 -121.211470833 62
38.633876667 -121.211167 69
38.634039167 -121.210859333 56
38.634201833 -121.210548333 61
38.634367833 -121.210234333 56
38.634532833 -121.209922167 69
38.634698333 -121.209610167 61
38.634864 -121.209295667 61
38.635029667 -121.208981167 55
38.6351965 -121.208666833 58
38.6353665 -121.20835 48
38.635536667 -121.208031333 65
38.635706667 -121.207713167 46
38.635876333 -121.207396333 59
38.636043167 -121.207080167 59
38.636208833 -121.206766167 67
38.636373 -121.206455667 54
38.636537 -121.2061475 54
38.636700167 -121.205839167 69
38.6368635 -121.2055305 58
38.637027333 -121.20522 47
38.637190667 -121.204909833 50
38.637352167 -121.204598 59
38.637512333 -121.2042835 49
38.637672 -121.203969667 57
38.637829333 -121.203658333 61
38.6379855 -121.2033505 58
38.638143333 -121.203045667 71
38.6382995 -121.202744333 58
38.638449333 -121.202445167 61
38.638590667 -121.202149 62
38.6387225 -121.201854333 65
38.6388485 -121.201561167 64
38.638962333 -121.201268167 51
38.639065667 -121.200974333 66
38.639155 -121.200676 63
38.6392435 -121.200375167 53
38.639319667 -121.200069167 48
38.639388167 -121.19976 55
38.63945 -121.199449333 57
38.639507833 -121.199136167 52
38.639559333 -121.198819 69
38.639604167 -121.198498833 57
38.639643 -121.198175167 61
38.6396825 -121.1978495 65
38.639723833 -121.197522667 53
38.639766167 -121.197194333 44
38.639806833 -121.1968645 63
38.639848 -121.196532333 67
38.6398895 -121.196197333 62
38.639931 -121.195859667 61
38.639972667 -121.195519333 62
38.640014667 -121.195176667 56
38.640057333 -121.194830167 59
38.640099833 -121.194479833 58
38.640142667 -121.194126833 57
38.640185333 -121.193772333 44
38.640227667 -121.193419167 77
38.640269667 -121.193069 54
38.6403105 -121.192721667 59
38.6403505 -121.192376667 56
38.640391333 -121.192034167 59
38.6404325 -121.1916945 59
38.640473833 -121.191357167 50
38.640515333 -121.191019 67
38.6405585 -121.190680833 59
38.640600667 -121.1903415 73
38.640642167 -121.190001833 54
38.640684 -121.189663333 47
38.640726167 -121.189327833 51
38.640767167 -121.188996 57
38.640808 -121.188667833 62
38.640848667 -121.188342 55
38.640884833 -121.188015833 63
38.640924 -121.187685 53
38.640964167 -121.187355667 57
38.641004667 -121.187025167 53
38.641046167 -121.186691667 64
38.641086667 -121.186359 66
38.641128667 -121.186026333 53
38.641169 -121.185691333 50
38.641209667 -121.185354667 68
38.641251667 -121.1850205 49
38.641292833 -121.184684667 60
38.641334167 -121.184349667 55
38.641375833 -121.184011 65
38.641418167 -121.1836735 47
38.641459333 -121.183337667 63
38.641499667 -121.183003833 67
38.641541167 -121.182673667 49
38.641583667 -121.182346 74
38.641623833 -121.182017333 59
38.641664 -121.1816885 58
38.641703333 -121.181360333 56
38.641743333 -121.181033167 68
38.641783833 -121.180706667 61
38.641823667 -121.180378667 59
38.641864167 -121.180048167 69
38.641904333 -121.179716167 58
38.641945333 -121.179384 56
38.6419865 -121.1790525 56
38.642027833 -121.178721 66
38.642069 -121.178388333 67
38.642111333 -121.178054667 69
38.642152667 -121.177719 56
38.6421935 -121.177380333 52
38.642233667 -121.1770395 60
38.642274333 -121.176699833 51
38.6423175 -121.176359833 54
38.642361167 -121.1760205 58
38.642401833 -121.1756795 53
38.642440833 -121.175337167 66
38.642477833 -121.174995333 58
38.6425075 -121.174652833 59
38.64253 -121.174308333 62
38.642548167 -121.173961167 55
38.642561667 -121.1736115 41
38.642567667 -121.173261833 59
38.642568167 -121.172914333 51
38.642562667 -121.172569167 50
38.642553333 -121.172227 62
38.64254 -121.171886667 66
38.642524667 -121.171548667 73
38.642507167 -121.171212333 61
38.642488833 -121.1708805 72
38.642472833 -121.170551667 56
38.642456333 -121.170224333 56
38.64244 -121.169902833 62
38.642425 -121.169587 66
38.642411167 -121.169277167 59
38.642397667 -121.1689695 57
38.6423845 -121.168661667 53
38.642370667 -121.168354 64
38.642354667 -121.168044333 74
38.642339833 -121.167738 58
38.642323833 -121.167434167 48
38.642310667 -121.167135167 51
38.642296833 -121.166834167 67
38.6422825 -121.166531167 67
38.642269167 -121.166226667 47
38.642255833 -121.165921667 52
38.642243333 -121.165616833 49
38.642230167 -121.165311333 51
38.642217333 -121.165004333 59
38.642202 -121.1646945 50
38.6421895 -121.164385833 59
38.642174333 -121.164075167 56
38.642158 -121.163764333 54
38.6421415 -121.163450667 73
38.642125833 -121.163133167 42
38.642111333 -121.162813667 54
38.642094 -121.162489333 64
38.642073833 -121.162161833 52
38.6420515 -121.161833833 51
38.642030167 -121.161507667 66
38.642009833 -121.161181333 41
38.641989 -121.160858667 56
38.6419595 -121.1605395 60
38.641927167 -121.160226167 64
38.641891333 -121.159919333 64
38.641850333 -121.159618333 60
38.641799333 -121.159324333 47
38.641739667 -121.159039667 74
38.641673667 -121.158763667 64
38.641605167 -121.1584975 57
38.641537333 -121.158243167 47
38.641473333 -121.158000167 54
38.641414667 -121.157777833 42
38.641370667 -121.157577333 46
38.641345 -121.157393167 71
38.641337667 -121.1572315 49
38.641341333 -121.1570945 57
38.641352 -121.156978333 59
38.641364 -121.156880667 53
38.641379167 -121.156809167 59
38.641388167 -121.1567625 68
38.6413895 -121.156734 72
38.641389833 -121.156721167 70
38.641388 -121.156716667 60
38.641382167 -121.1567115 40
38.6413795 -121.156709 51
38.641378333 -121.156708333 58
38.6413785 -121.156709833 58
38.641379333 -121.156710167 49
38.64138 -121.156710667 58
38.641381833 -121.156712167 60
38.641382 -121.156711 56
38.641383167 -121.156712833 51
38.641384167 -121.156713667 55
38.6413845 -121.156713667 71
38.6413845 -121.156712333 58
38.641384833 -121.156711833 66
38.6413855 -121.156714167 69
38.641384667 -121.156711167 65
38.641384667 -121.156710667 58
38.641384333 -121.156710667 56
38.641384667 -121.156709 57
38.641384833 -121.15671 59
38.641384833 -121.156709667 71
38.641385333 -121.1567125 51
38.641384833 -121.1567125 56
38.6413855 -121.156714333 56
38.641385833 -121.156715333 48
38.641386 -121.156716167 54
38.641386833 -121.1567165 54
38.641388 -121.156716333 69
38.641389167 -121.156707167 49
38.641392833 -121.156685167 59
38.641399667 -121.156644667 59
38.641410333 -121.156585667 60
38.641425167 -121.1565175 71
38.641451333 -121.156455667 61
38.641487833 -121.156402167 44
38.6415385 -121.156363 58
38.641598333 -121.156342167 58
38.6416715 -121.156342333 52
38.641753667 -121.1563645 55
38.641842 -121.156390833 52
38.641934667 -121.1564195 59
38.642033333 -121.156451167 56
38.642137 -121.156485333 54
38.642243333 -121.156519833 52
38.642349667 -121.1565545 63
38.642451833 -121.156587333 54
38.642544667 -121.156617333 45
38.6426255 -121.156643 65
38.642690167 -121.156663333 43
38.6427415 -121.156679833 48
38.642777167 -121.156690833 53
38.642796333 -121.156697 49
38.642804167 -121.156699333 58
38.642806667 -121.156700833 52
38.6428085 -121.1567015 63
38.64281 -121.156702167 62
38.642811333 -121.1567025 60
38.642813 -121.156703167 53
38.642814333 -121.156704167 56
38.642815167 -121.156704833 62
38.642816667 -121.156705167 39
38.642818333 -121.156705 60
38.642819667 -121.1567055 43
38.642821667 -121.156705833 50
38.642824 -121.156706 54
38.642825167 -121.156706333 53
38.642828 -121.1567065 64
38.642834667 -121.156707167 48
38.642854167 -121.156714167 56
38.642893333 -121.1567275 45
38.642947667 -121.156747333 47
38.643013167 -121.1567735 43
38.643088167 -121.156805 46
38.6431705 -121.156840667 62
38.643261167 -121.156885 56
38.6433585 -121.156937667 42
38.643464 -121.156994667 51
38.643573333 -121.157061667 50
38.6436875 -121.157137667 49
38.643806 -121.1572255 50
38.6439275 -121.1573245 58
38.644054833 -121.157432667 48
38.644185833 -121.157548 41
38.644321667 -121.157667833 51
38.644456833 -121.1577885 61
38.644593 -121.157909667 48
38.644728333 -121.1580335 69
38.644861 -121.158160167 49
38.644994333 -121.158287167 54
38.645128167 -121.158414667 47
38.645261333 -121.158543 62
38.645393833 -121.1586725 53
38.645526 -121.1588025 60
38.645656 -121.158928 46
38.645783 -121.159049333 44
38.6459045 -121.159165667 41
38.646016333 -121.1592755 56
38.646116 -121.159375167 55
38.646202667 -121.159463667 56
38.646273 -121.159536667 42
38.646326667 -121.159592667 62
38.646365333 -121.159633 38
38.646391 -121.159659333 53
38.646402667 -121.159671333 59
38.646404167 -121.159673167 65
38.646403 -121.159672667 52
38.646401167 -121.159672 52
38.6463995 -121.159671 46
38.6463975 -121.159670167 62
38.646395667 -121.159669 44
38.646394 -121.159668167 40
38.6463935 -121.1596675 31
38.646392167 -121.1596665 56
38.646392833 -121.159666667 53
38.646393833 -121.159667667 56
38.646392833 -121.159667 49
38.6463915 -121.159665833 58
38.646390667 -121.159664333 52
38.646389333 -121.159663167 49
38.646387833 -121.159661833 48
38.6463865 -121.1596605 46
38.646385 -121.159659333 47
38.646383833 -121.159658333 48
38.6463825 -121.1596575 45
38.646381 -121.1596565 60
38.646379667 -121.159655833 57
38.646378333 -121.159655333 63
38.646377167 -121.1596545 53
38.646376167 -121.159654 53
38.6463755 -121.159653333 69
38.646375 -121.159652667 56
38.646375333 -121.159652 52
38.646375167 -121.159651333 60
38.646375333 -121.159651833 56
38.646376333 -121.159652167 57
38.6463775 -121.159652167 66
38.646378167 -121.159652333 55
38.646379 -121.159652667 42
38.646379667 -121.159653333 52
38.6463805 -121.1596535 43
38.646381333 -121.159653667 78
38.646382167 -121.159652667 63
38.6463835 -121.159652 69
38.6463835 -121.159652833 68
38.646383 -121.159654833 51
38.646383 -121.159654833 49
38.646383167 -121.159654667 47
38.6463835 -121.159654833 58
38.646383167 -121.159657333 62
38.6463835 -121.159657833 45
38.646384167 -121.1596575 60
38.6463845 -121.159657167 68
38.646384167 -121.1596565 53
38.646384 -121.159656667 54
38.646384167 -121.159655833 67
38.646384667 -121.159655 52
38.6463855 -121.159654 61
38.646385 -121.159654333 54
38.646385333 -121.159655667 50
38.646385667 -121.159657 49
38.646388333 -121.159658333 67
38.646394 -121.159661667 62
38.646399333 -121.159666 47
38.6464155 -121.159681 45
38.646445333 -121.159711833 66
38.646488167 -121.159755833 45
38.646540167 -121.159808667 54
38.646598667 -121.159868667 52
38.646659333 -121.159930333 47
38.6467155 -121.1599865 58
38.646766167 -121.160037833 60
38.646812333 -121.160093 61
38.646851333 -121.160162167 66
38.646880167 -121.160248667 49
38.646889333 -121.160348833 64
38.646871167 -121.160445833 47
38.6468375 -121.160544 45
38.6467905 -121.160632167 50
38.646739167 -121.160717667 46
38.646685833 -121.1608 66
38.646634 -121.1608815 64
38.646586 -121.160960333 49
38.646541 -121.161035 57
38.646499 -121.161103833 65
38.646462167 -121.161163167 56
38.646431167 -121.161213 61
38.646404 -121.1612565 50
38.646379333 -121.1612955 91
38.6463575 -121.161329833 55
38.64634 -121.161358833 60
38.646328667 -121.161379333 53
38.646317333 -121.161397833 58
38.646302 -121.161422167 63
38.6462895 -121.161444167 47
38.646278333 -121.161464167 48
38.646262833 -121.1614925 57
38.6462465 -121.161532833 45
38.64624 -121.161587667 60
38.646254833 -121.1616515 73
38.646291667 -121.161709833 58
38.646337333 -121.161769833 61
38.646392833 -121.161832 52
38.6464545 -121.161893 46
38.646524833 -121.1619475 69
38.646603333 -121.1619845 61
38.646687333 -121.162000167 54
38.646774333 -121.161989 62
38.646862833 -121.161952167 39
38.646939833 -121.1618905 55
38.647003667 -121.1618055 65
38.647065167 -121.1617145 42
38.647134 -121.161629667 50
38.6472115 -121.161566167 45
38.647298333 -121.161520667 51
38.6473875 -121.161499833 56
38.6474805 -121.1615035 65
38.647574333 -121.161530333 53
38.6476565 -121.161574167 52
38.647734333 -121.161632833 41
38.647806333 -121.161695833 58
38.647874333 -121.161760167 48
38.647936833 -121.161822333 59
38.647993667 -121.161881667 49
38.6480415 -121.161930667 44
38.648078 -121.161968 82
38.648109333 -121.162 52
38.648131167 -121.162023333 66
38.648144 -121.162039167 65
38.648158 -121.162053833 54
38.648176333 -121.162078333 50
38.648190667 -121.162123667 49
38.648190833 -121.162183333 58
38.648174667 -121.162247333 59
38.648146167 -121.162310167 57
38.6481145 -121.162365167 55
38.648082833 -121.162412333 34
38.648059167 -121.162451167 47
38.648029833 -121.162465667 50
38.647995667 -121.162458 54
38.647961167 -121.162431667 55
38.647924167 -121.162394167 58
38.647886333 -121.162359667 50
38.647845333 -121.1623205 55
38.647805167 -121.1622985 67
38.6477725 -121.162291 52
38.647752833 -121.162309 57
38.6477375 -121.162332167 66
38.647713833 -121.162351167 50
38.647705833 -121.162377 64
38.647690833 -121.162395833 53
38.647681333 -121.162421333 57
38.647668833 -121.162439833 50
38.647652833 -121.162467333 63
38.6476355 -121.162494667 59
38.647611333 -121.162521333 55
38.647587667 -121.162545333 52
38.647569 -121.162559 36
38.647563833 -121.162569667 56
38.647561333 -121.1625765 50
38.647558 -121.162578833 43
38.647559833 -121.162583333 55
38.6475595 -121.162583833 47
38.647558167 -121.162585167 65
38.647555833 -121.162588167 64
38.64755 -121.162590833 66
38.647546667 -121.162592 61
38.647544667 -121.1625855 66
38.647543833 -121.162577 43
38.647538333 -121.162577667 58
38.6475305 -121.162577833 65
38.647526833 -121.162571833 60
38.647531167 -121.162571333 47
38.647526833 -121.1625695 53
38.647527333 -121.1625665 51
